case,activitypair,A,B,C,D,E,F,G,H,I,J,K,L,M,N,O
0,A,0.0,1912,3679,8990,10708,7017,12373,0.0,14133,16072,18012,0.0,19736,21374,0.0
0,B,1912,0.0,1767,7078,8796,5105,10461,0.0,12222,14161,16100,0.0,17824,19463,0.0
0,C,3679,1767,0.0,5311,7029,3338,8694,0.0,10454,12393,14333,0.0,16057,17695,0.0
0,D,8990,7078,5311,0.0,1718,1973,3383,0.0,5144,7082,9022,0.0,10746,12385,0.0
0,E,10708,8796,7029,1718,0.0,3691,1665,0.0,3426,5365,7304,0.0,9028,10667,0.0
0,F,7017,5105,3338,1973,3691,0.0,5356,0.0,7117,9055,10995,0.0,12719,14358,0.0
0,G,12373,10461,8694,3383,1665,5356,0.0,0.0,1760,3699,5639,0.0,7363,9001,0.0
0,H,0.0,0.0,0.0,0.0,0.0,0.0,0.0,0.0,0.0,0.0,0.0,0.0,0.0,0.0,0.0
0,I,14133,12222,10454,5144,3426,7117,1760,0.0,0.0,1939,3878,0.0,5603,7241,0.0
0,J,16072,14161,12393,7082,5365,9055,3699,0.0,1939,0.0,1939,0.0,3664,5302,0.0
0,K,18012,16100,14333,9022,7304,10995,5639,0.0,3878,1939,0.0,0.0,1724,3363,0.0
0,L,0.0,0.0,0.0,0.0,0.0,0.0,0.0,0.0,0.0,0.0,0.0,0.0,0.0,0.0,0.0
0,M,19736,17824,16057,10746,9028,12719,7363,0.0,5603,3664,1724,0.0,0.0,1638,0.0
0,N,21374,19463,17695,12385,10667,14358,9001,0.0,7241,5302,3363,0.0,1638,0.0,0.0
0,O,0.0,0.0,0.0,0.0,0.0,0.0,0.0,0.0,0.0,0.0,0.0,0.0,0.0,0.0,0.0
1,A,0.0,0.0,0.0,3566,5185,1766,6834,0.0,8924,11021,12770,0.0,14641,16638,0.0
1,B,0.0,0.0,0.0,0.0,0.0,0.0,0.0,0.0,0.0,0.0,0.0,0.0,0.0,0.0,0.0
1,C,0.0,0.0,0.0,0.0,0.0,0.0,0.0,0.0,0.0,0.0,0.0,0.0,0.0,0.0,0.0
1,D,3566,0.0,0.0,0.0,1620,1800,3268,0.0,5358,7455,9204,0.0,11075,13072,0.0
1,E,5185,0.0,0.0,1620,0.0,3419,1649,0.0,3739,5835,7585,0.0,9455,11452,0.0
1,F,1766,0.0,0.0,1800,3419,0.0,5068,0.0,7158,9254,11004,0.0,12874,14871,0.0
1,G,6834,0.0,0.0,3268,1649,5068,0.0,0.0,2090,4187,5936,0.0,7807,9804,0.0
1,H,0.0,0.0,0.0,0.0,0.0,0.0,0.0,0.0,0.0,0.0,0.0,0.0,0.0,0.0,0.0
1,I,8924,0.0,0.0,5358,3739,7158,2090,0.0,0.0,2097,3846,0.0,5717,7714,0.0
1,J,11021,0.0,0.0,7455,5835,9254,4187,0.0,2097,0.0,1749,0.0,3620,5617,0.0
1,K,12770,0.0,0.0,9204,7585,11004,5936,0.0,3846,1749,0.0,0.0,1871,3868,0.0
1,L,0.0,0.0,0.0,0.0,0.0,0.0,0.0,0.0,0.0,0.0,0.0,0.0,0.0,0.0,0.0
1,M,14641,0.0,0.0,11075,9455,12874,7807,0.0,5717,3620,1871,0.0,0.0,1997,0.0
1,N,16638,0.0,0.0,13072,11452,14871,9804,0.0,7714,5617,3868,0.0,1997,0.0,0.0
1,O,0.0,0.0,0.0,0.0,0.0,0.0,0.0,0.0,0.0,0.0,0.0,0.0,0.0,0.0,0.0
2,A,0.0,0.0,0.0,3724,5213,1901,7073,8899,0.0,0.0,0.0,0.0,0.0,0.0,0.0
2,B,0.0,0.0,0.0,0.0,0.0,0.0,0.0,0.0,0.0,0.0,0.0,0.0,0.0,0.0,0.0
2,C,0.0,0.0,0.0,0.0,0.0,0.0,0.0,0.0,0.0,0.0,0.0,0.0,0.0,0.0,0.0
2,D,3724,0.0,0.0,0.0,1489,1823,3350,5175,0.0,0.0,0.0,0.0,0.0,0.0,0.0
2,E,5213,0.0,0.0,1489,0.0,3311,1861,3686,0.0,0.0,0.0,0.0,0.0,0.0,0.0
2,F,1901,0.0,0.0,1823,3311,0.0,5172,6997,0.0,0.0,0.0,0.0,0.0,0.0,0.0
2,G,7073,0.0,0.0,3350,1861,5172,0.0,1825,0.0,0.0,0.0,0.0,0.0,0.0,0.0
2,H,8899,0.0,0.0,5175,3686,6997,1825,0.0,0.0,0.0,0.0,0.0,0.0,0.0,0.0
2,I,0.0,0.0,0.0,0.0,0.0,0.0,0.0,0.0,0.0,0.0,0.0,0.0,0.0,0.0,0.0
2,J,0.0,0.0,0.0,0.0,0.0,0.0,0.0,0.0,0.0,0.0,0.0,0.0,0.0,0.0,0.0
2,K,0.0,0.0,0.0,0.0,0.0,0.0,0.0,0.0,0.0,0.0,0.0,0.0,0.0,0.0,0.0
2,L,0.0,0.0,0.0,0.0,0.0,0.0,0.0,0.0,0.0,0.0,0.0,0.0,0.0,0.0,0.0
2,M,0.0,0.0,0.0,0.0,0.0,0.0,0.0,0.0,0.0,0.0,0.0,0.0,0.0,0.0,0.0
2,N,0.0,0.0,0.0,0.0,0.0,0.0,0.0,0.0,0.0,0.0,0.0,0.0,0.0,0.0,0.0
2,O,0.0,0.0,0.0,0.0,0.0,0.0,0.0,0.0,0.0,0.0,0.0,0.0,0.0,0.0,0.0
3,A,0.0,0.0,0.0,3165,4985,1600,6587,8286,0.0,0.0,0.0,0.0,0.0,0.0,0.0
3,B,0.0,0.0,0.0,0.0,0.0,0.0,0.0,0.0,0.0,0.0,0.0,0.0,0.0,0.0,0.0
3,C,0.0,0.0,0.0,0.0,0.0,0.0,0.0,0.0,0.0,0.0,0.0,0.0,0.0,0.0,0.0
3,D,3165,0.0,0.0,0.0,1819,1565,3422,5121,0.0,0.0,0.0,0.0,0.0,0.0,0.0
3,E,4985,0.0,0.0,1819,0.0,3385,1602,3301,0.0,0.0,0.0,0.0,0.0,0.0,0.0
3,F,1600,0.0,0.0,1565,3385,0.0,4987,6686,0.0,0.0,0.0,0.0,0.0,0.0,0.0
3,G,6587,0.0,0.0,3422,1602,4987,0.0,1699,0.0,0.0,0.0,0.0,0.0,0.0,0.0
3,H,8286,0.0,0.0,5121,3301,6686,1699,0.0,0.0,0.0,0.0,0.0,0.0,0.0,0.0
3,I,0.0,0.0,0.0,0.0,0.0,0.0,0.0,0.0,0.0,0.0,0.0,0.0,0.0,0.0,0.0
3,J,0.0,0.0,0.0,0.0,0.0,0.0,0.0,0.0,0.0,0.0,0.0,0.0,0.0,0.0,0.0
3,K,0.0,0.0,0.0,0.0,0.0,0.0,0.0,0.0,0.0,0.0,0.0,0.0,0.0,0.0,0.0
3,L,0.0,0.0,0.0,0.0,0.0,0.0,0.0,0.0,0.0,0.0,0.0,0.0,0.0,0.0,0.0
3,M,0.0,0.0,0.0,0.0,0.0,0.0,0.0,0.0,0.0,0.0,0.0,0.0,0.0,0.0,0.0
3,N,0.0,0.0,0.0,0.0,0.0,0.0,0.0,0.0,0.0,0.0,0.0,0.0,0.0,0.0,0.0
3,O,0.0,0.0,0.0,0.0,0.0,0.0,0.0,0.0,0.0,0.0,0.0,0.0,0.0,0.0,0.0
4,A,0.0,0.0,0.0,3245,5106,1564,6588,0.0,8340,10022,0.0,12071,13768,15658,0.0
4,B,0.0,0.0,0.0,0.0,0.0,0.0,0.0,0.0,0.0,0.0,0.0,0.0,0.0,0.0,0.0
4,C,0.0,0.0,0.0,0.0,0.0,0.0,0.0,0.0,0.0,0.0,0.0,0.0,0.0,0.0,0.0
4,D,3245,0.0,0.0,0.0,1860,1681,3343,0.0,5095,6776,0.0,8826,10523,12412,0.0
4,E,5106,0.0,0.0,1860,0.0,3542,1482,0.0,3234,4916,0.0,6965,8662,10552,0.0
4,F,1564,0.0,0.0,1681,3542,0.0,5024,0.0,6776,8457,0.0,10507,12204,14093,0.0
4,G,6588,0.0,0.0,3343,1482,5024,0.0,0.0,1752,3434,0.0,5483,7180,9069,0.0
4,H,0.0,0.0,0.0,0.0,0.0,0.0,0.0,0.0,0.0,0.0,0.0,0.0,0.0,0.0,0.0
4,I,8340,0.0,0.0,5095,3234,6776,1752,0.0,0.0,1682,0.0,3731,5428,7318,0.0
4,J,10022,0.0,0.0,6776,4916,8457,3434,0.0,1682,0.0,0.0,2049,3747,5636,0.0
4,K,0.0,0.0,0.0,0.0,0.0,0.0,0.0,0.0,0.0,0.0,0.0,0.0,0.0,0.0,0.0
4,L,12071,0.0,0.0,8826,6965,10507,5483,0.0,3731,2049,0.0,0.0,1697,3587,0.0
4,M,13768,0.0,0.0,10523,8662,12204,7180,0.0,5428,3747,0.0,1697,0.0,1889,0.0
4,N,15658,0.0,0.0,12412,10552,14093,9069,0.0,7318,5636,0.0,3587,1889,0.0,0.0
4,O,0.0,0.0,0.0,0.0,0.0,0.0,0.0,0.0,0.0,0.0,0.0,0.0,0.0,0.0,0.0
5,A,0.0,1383,3185,36331,38335,34952,40334,0.0,42135,44085,0.0,46176,48113,49903,0.0
5,B,1383,0.0,1802,34948,36952,33569,38951,0.0,40752,42702,0.0,44793,46729,48520,0.0
5,C,3185,1802,0.0,33146,35150,31767,37149,0.0,38950,40900,0.0,42991,44928,46718,0.0
5,D,36331,34948,33146,0.0,2004,1379,4003,0.0,5804,7754,0.0,9845,11782,13572,0.0
5,E,38335,36952,35150,2004,0.0,3383,1999,0.0,3800,5750,0.0,7841,9778,11568,0.0
5,F,34952,33569,31767,1379,3383,0.0,5382,0.0,7183,9132,0.0,11224,13160,14951,0.0
5,G,40334,38951,37149,4003,1999,5382,0.0,0.0,1801,3751,0.0,5842,7779,9569,0.0
5,H,0.0,0.0,0.0,0.0,0.0,0.0,0.0,0.0,0.0,0.0,0.0,0.0,0.0,0.0,0.0
5,I,42135,40752,38950,5804,3800,7183,1801,0.0,0.0,1950,0.0,4041,5978,7768,0.0
5,J,44085,42702,40900,7754,5750,9132,3751,0.0,1950,0.0,0.0,2091,4028,5818,0.0
5,K,0.0,0.0,0.0,0.0,0.0,0.0,0.0,0.0,0.0,0.0,0.0,0.0,0.0,0.0,0.0
5,L,46176,44793,42991,9845,7841,11224,5842,0.0,4041,2091,0.0,0.0,1936,3727,0.0
5,M,48113,46729,44928,11782,9778,13160,7779,0.0,5978,4028,0.0,1936,0.0,1791,0.0
5,N,49903,48520,46718,13572,11568,14951,9569,0.0,7768,5818,0.0,3727,1791,0.0,0.0
5,O,0.0,0.0,0.0,0.0,0.0,0.0,0.0,0.0,0.0,0.0,0.0,0.0,0.0,0.0,0.0
6,A,0.0,0.0,0.0,3744,5627,2007,7235,8976,0.0,0.0,0.0,0.0,0.0,0.0,0.0
6,B,0.0,0.0,0.0,0.0,0.0,0.0,0.0,0.0,0.0,0.0,0.0,0.0,0.0,0.0,0.0
6,C,0.0,0.0,0.0,0.0,0.0,0.0,0.0,0.0,0.0,0.0,0.0,0.0,0.0,0.0,0.0
6,D,3744,0.0,0.0,0.0,1883,1737,3491,5232,0.0,0.0,0.0,0.0,0.0,0.0,0.0
6,E,5627,0.0,0.0,1883,0.0,3620,1608,3349,0.0,0.0,0.0,0.0,0.0,0.0,0.0
6,F,2007,0.0,0.0,1737,3620,0.0,5228,6968,0.0,0.0,0.0,0.0,0.0,0.0,0.0
6,G,7235,0.0,0.0,3491,1608,5228,0.0,1741,0.0,0.0,0.0,0.0,0.0,0.0,0.0
6,H,8976,0.0,0.0,5232,3349,6968,1741,0.0,0.0,0.0,0.0,0.0,0.0,0.0,0.0
6,I,0.0,0.0,0.0,0.0,0.0,0.0,0.0,0.0,0.0,0.0,0.0,0.0,0.0,0.0,0.0
6,J,0.0,0.0,0.0,0.0,0.0,0.0,0.0,0.0,0.0,0.0,0.0,0.0,0.0,0.0,0.0
6,K,0.0,0.0,0.0,0.0,0.0,0.0,0.0,0.0,0.0,0.0,0.0,0.0,0.0,0.0,0.0
6,L,0.0,0.0,0.0,0.0,0.0,0.0,0.0,0.0,0.0,0.0,0.0,0.0,0.0,0.0,0.0
6,M,0.0,0.0,0.0,0.0,0.0,0.0,0.0,0.0,0.0,0.0,0.0,0.0,0.0,0.0,0.0
6,N,0.0,0.0,0.0,0.0,0.0,0.0,0.0,0.0,0.0,0.0,0.0,0.0,0.0,0.0,0.0
6,O,0.0,0.0,0.0,0.0,0.0,0.0,0.0,0.0,0.0,0.0,0.0,0.0,0.0,0.0,0.0
7,A,0.0,0.0,0.0,3909,5630,1860,7635,0.0,9498,11439,13422,0.0,15200,16911,0.0
7,B,0.0,0.0,0.0,0.0,0.0,0.0,0.0,0.0,0.0,0.0,0.0,0.0,0.0,0.0,0.0
7,C,0.0,0.0,0.0,0.0,0.0,0.0,0.0,0.0,0.0,0.0,0.0,0.0,0.0,0.0,0.0
7,D,3909,0.0,0.0,0.0,1721,2050,3725,0.0,5588,7529,9513,0.0,11291,13002,0.0
7,E,5630,0.0,0.0,1721,0.0,3771,2004,0.0,3867,5808,7792,0.0,9570,11281,0.0
7,F,1860,0.0,0.0,2050,3771,0.0,5775,0.0,7638,9579,11562,0.0,13341,15052,0.0
7,G,7635,0.0,0.0,3725,2004,5775,0.0,0.0,1863,3804,5788,0.0,7566,9277,0.0
7,H,0.0,0.0,0.0,0.0,0.0,0.0,0.0,0.0,0.0,0.0,0.0,0.0,0.0,0.0,0.0
7,I,9498,0.0,0.0,5588,3867,7638,1863,0.0,0.0,1941,3925,0.0,5703,7414,0.0
7,J,11439,0.0,0.0,7529,5808,9579,3804,0.0,1941,0.0,1984,0.0,3762,5473,0.0
7,K,13422,0.0,0.0,9513,7792,11562,5788,0.0,3925,1984,0.0,0.0,1778,3489,0.0
7,L,0.0,0.0,0.0,0.0,0.0,0.0,0.0,0.0,0.0,0.0,0.0,0.0,0.0,0.0,0.0
7,M,15200,0.0,0.0,11291,9570,13341,7566,0.0,5703,3762,1778,0.0,0.0,1711,0.0
7,N,16911,0.0,0.0,13002,11281,15052,9277,0.0,7414,5473,3489,0.0,1711,0.0,0.0
7,O,0.0,0.0,0.0,0.0,0.0,0.0,0.0,0.0,0.0,0.0,0.0,0.0,0.0,0.0,0.0
8,A,0.0,1736,3692,8339,10151,6871,12461,0.0,14205,15988,17866,0.0,20016,22290,0.0
8,B,1736,0.0,1956,6603,8416,5136,10725,0.0,12470,14252,16130,0.0,18280,20554,0.0
8,C,3692,1956,0.0,4647,6459,3179,8769,0.0,10513,12296,14174,0.0,16324,18598,0.0
8,D,8339,6603,4647,0.0,1812,1468,4122,0.0,5867,7649,9527,0.0,11677,13951,0.0
8,E,10151,8416,6459,1812,0.0,3280,2309,0.0,4054,5836,7715,0.0,9865,12139,0.0
8,F,6871,5136,3179,1468,3280,0.0,5589,0.0,7334,9116,10995,0.0,13145,15419,0.0
8,G,12461,10725,8769,4122,2309,5589,0.0,0.0,1745,3527,5405,0.0,7555,9829,0.0
8,H,0.0,0.0,0.0,0.0,0.0,0.0,0.0,0.0,0.0,0.0,0.0,0.0,0.0,0.0,0.0
8,I,14205,12470,10513,5867,4054,7334,1745,0.0,0.0,1782,3661,0.0,5811,8085,0.0
8,J,15988,14252,12296,7649,5836,9116,3527,0.0,1782,0.0,1879,0.0,4028,6302,0.0
8,K,17866,16130,14174,9527,7715,10995,5405,0.0,3661,1879,0.0,0.0,2150,4424,0.0
8,L,0.0,0.0,0.0,0.0,0.0,0.0,0.0,0.0,0.0,0.0,0.0,0.0,0.0,0.0,0.0
8,M,20016,18280,16324,11677,9865,13145,7555,0.0,5811,4028,2150,0.0,0.0,2274,0.0
8,N,22290,20554,18598,13951,12139,15419,9829,0.0,8085,6302,4424,0.0,2274,0.0,0.0
8,O,0.0,0.0,0.0,0.0,0.0,0.0,0.0,0.0,0.0,0.0,0.0,0.0,0.0,0.0,0.0
9,A,0.0,0.0,0.0,3773,5765,2118,7269,0.0,9152,10721,0.0,12639,14250,0.0,16090
9,B,0.0,0.0,0.0,0.0,0.0,0.0,0.0,0.0,0.0,0.0,0.0,0.0,0.0,0.0,0.0
9,C,0.0,0.0,0.0,0.0,0.0,0.0,0.0,0.0,0.0,0.0,0.0,0.0,0.0,0.0,0.0
9,D,3773,0.0,0.0,0.0,1992,1655,3495,0.0,5379,6947,0.0,8866,10477,0.0,12316
9,E,5765,0.0,0.0,1992,0.0,3647,1504,0.0,3387,4956,0.0,6874,8485,0.0,10325
9,F,2118,0.0,0.0,1655,3647,0.0,5151,0.0,7034,8603,0.0,10521,12132,0.0,13972
9,G,7269,0.0,0.0,3495,1504,5151,0.0,0.0,1883,3452,0.0,5371,6981,0.0,8821
9,H,0.0,0.0,0.0,0.0,0.0,0.0,0.0,0.0,0.0,0.0,0.0,0.0,0.0,0.0,0.0
9,I,9152,0.0,0.0,5379,3387,7034,1883,0.0,0.0,1569,0.0,3487,5098,0.0,6938
9,J,10721,0.0,0.0,6947,4956,8603,3452,0.0,1569,0.0,0.0,1919,3529,0.0,5369
9,K,0.0,0.0,0.0,0.0,0.0,0.0,0.0,0.0,0.0,0.0,0.0,0.0,0.0,0.0,0.0
9,L,12639,0.0,0.0,8866,6874,10521,5371,0.0,3487,1919,0.0,0.0,1611,0.0,3451
9,M,14250,0.0,0.0,10477,8485,12132,6981,0.0,5098,3529,0.0,1611,0.0,0.0,1840
9,N,0.0,0.0,0.0,0.0,0.0,0.0,0.0,0.0,0.0,0.0,0.0,0.0,0.0,0.0,0.0
9,O,16090,0.0,0.0,12316,10325,13972,8821,0.0,6938,5369,0.0,3451,1840,0.0,0.0
10,A,0.0,0.0,0.0,4238,5943,2271,7735,0.0,9656,11396,13546,0.0,15189,17027,0.0
10,B,0.0,0.0,0.0,0.0,0.0,0.0,0.0,0.0,0.0,0.0,0.0,0.0,0.0,0.0,0.0
10,C,0.0,0.0,0.0,0.0,0.0,0.0,0.0,0.0,0.0,0.0,0.0,0.0,0.0,0.0,0.0
10,D,4238,0.0,0.0,0.0,1705,1967,3497,0.0,5418,7158,9308,0.0,10951,12790,0.0
10,E,5943,0.0,0.0,1705,0.0,3672,1792,0.0,3713,5453,7603,0.0,9246,11084,0.0
10,F,2271,0.0,0.0,1967,3672,0.0,5464,0.0,7385,9125,11275,0.0,12918,14756,0.0
10,G,7735,0.0,0.0,3497,1792,5464,0.0,0.0,1921,3661,5811,0.0,7454,9292,0.0
10,H,0.0,0.0,0.0,0.0,0.0,0.0,0.0,0.0,0.0,0.0,0.0,0.0,0.0,0.0,0.0
10,I,9656,0.0,0.0,5418,3713,7385,1921,0.0,0.0,1740,3890,0.0,5533,7371,0.0
10,J,11396,0.0,0.0,7158,5453,9125,3661,0.0,1740,0.0,2150,0.0,3793,5631,0.0
10,K,13546,0.0,0.0,9308,7603,11275,5811,0.0,3890,2150,0.0,0.0,1643,3481,0.0
10,L,0.0,0.0,0.0,0.0,0.0,0.0,0.0,0.0,0.0,0.0,0.0,0.0,0.0,0.0,0.0
10,M,15189,0.0,0.0,10951,9246,12918,7454,0.0,5533,3793,1643,0.0,0.0,1839,0.0
10,N,17027,0.0,0.0,12790,11084,14756,9292,0.0,7371,5631,3481,0.0,1839,0.0,0.0
10,O,0.0,0.0,0.0,0.0,0.0,0.0,0.0,0.0,0.0,0.0,0.0,0.0,0.0,0.0,0.0
11,A,0.0,1780,3635,14449,16106,12700,17925,0.0,19507,21307,0.0,22931,24763,26546,0.0
11,B,1780,0.0,1855,12669,14326,10920,16145,0.0,17727,19527,0.0,21152,22983,24766,0.0
11,C,3635,1855,0.0,10814,12472,9065,14290,0.0,15872,17673,0.0,19297,21128,22911,0.0
11,D,14449,12669,10814,0.0,1657,1749,3476,0.0,5058,6858,0.0,8482,10314,12097,0.0
11,E,16106,14326,12472,1657,0.0,3407,1818,0.0,3401,5201,0.0,6825,8657,10440,0.0
11,F,12700,10920,9065,1749,3407,0.0,5225,0.0,6807,8608,0.0,10232,12063,13847,0.0
11,G,17925,16145,14290,3476,1818,5225,0.0,0.0,1582,3383,0.0,5007,6838,8622,0.0
11,H,0.0,0.0,0.0,0.0,0.0,0.0,0.0,0.0,0.0,0.0,0.0,0.0,0.0,0.0,0.0
11,I,19507,17727,15872,5058,3401,6807,1582,0.0,0.0,1800,0.0,3425,5256,7039,0.0
11,J,21307,19527,17673,6858,5201,8608,3383,0.0,1800,0.0,0.0,1624,3456,5239,0.0
11,K,0.0,0.0,0.0,0.0,0.0,0.0,0.0,0.0,0.0,0.0,0.0,0.0,0.0,0.0,0.0
11,L,22931,21152,19297,8482,6825,10232,5007,0.0,3425,1624,0.0,0.0,1832,3615,0.0
11,M,24763,22983,21128,10314,8657,12063,6838,0.0,5256,3456,0.0,1832,0.0,1783,0.0
11,N,26546,24766,22911,12097,10440,13847,8622,0.0,7039,5239,0.0,3615,1783,0.0,0.0
11,O,0.0,0.0,0.0,0.0,0.0,0.0,0.0,0.0,0.0,0.0,0.0,0.0,0.0,0.0,0.0
12,A,0.0,1759,3509,31676,33359,29834,35337,37322,0.0,0.0,0.0,0.0,0.0,0.0,0.0
12,B,1759,0.0,1750,29917,31599,28075,33578,35563,0.0,0.0,0.0,0.0,0.0,0.0,0.0
12,C,3509,1750,0.0,28167,29849,26325,31828,33813,0.0,0.0,0.0,0.0,0.0,0.0,0.0
12,D,31676,29917,28167,0.0,1682,1842,3661,5646,0.0,0.0,0.0,0.0,0.0,0.0,0.0
12,E,33359,31599,29849,1682,0.0,3524,1979,3964,0.0,0.0,0.0,0.0,0.0,0.0,0.0
12,F,29834,28075,26325,1842,3524,0.0,5503,7488,0.0,0.0,0.0,0.0,0.0,0.0,0.0
12,G,35337,33578,31828,3661,1979,5503,0.0,1985,0.0,0.0,0.0,0.0,0.0,0.0,0.0
12,H,37322,35563,33813,5646,3964,7488,1985,0.0,0.0,0.0,0.0,0.0,0.0,0.0,0.0
12,I,0.0,0.0,0.0,0.0,0.0,0.0,0.0,0.0,0.0,0.0,0.0,0.0,0.0,0.0,0.0
12,J,0.0,0.0,0.0,0.0,0.0,0.0,0.0,0.0,0.0,0.0,0.0,0.0,0.0,0.0,0.0
12,K,0.0,0.0,0.0,0.0,0.0,0.0,0.0,0.0,0.0,0.0,0.0,0.0,0.0,0.0,0.0
12,L,0.0,0.0,0.0,0.0,0.0,0.0,0.0,0.0,0.0,0.0,0.0,0.0,0.0,0.0,0.0
12,M,0.0,0.0,0.0,0.0,0.0,0.0,0.0,0.0,0.0,0.0,0.0,0.0,0.0,0.0,0.0
12,N,0.0,0.0,0.0,0.0,0.0,0.0,0.0,0.0,0.0,0.0,0.0,0.0,0.0,0.0,0.0
12,O,0.0,0.0,0.0,0.0,0.0,0.0,0.0,0.0,0.0,0.0,0.0,0.0,0.0,0.0,0.0
13,A,0.0,1775,3612,14196,16291,12562,18119,20175,0.0,0.0,0.0,0.0,0.0,0.0,0.0
13,B,1775,0.0,1837,12421,14516,10788,16344,18400,0.0,0.0,0.0,0.0,0.0,0.0,0.0
13,C,3612,1837,0.0,10584,12679,8950,14507,16563,0.0,0.0,0.0,0.0,0.0,0.0,0.0
13,D,14196,12421,10584,0.0,2095,1633,3923,5979,0.0,0.0,0.0,0.0,0.0,0.0,0.0
13,E,16291,14516,12679,2095,0.0,3729,1828,3884,0.0,0.0,0.0,0.0,0.0,0.0,0.0
13,F,12562,10788,8950,1633,3729,0.0,5557,7612,0.0,0.0,0.0,0.0,0.0,0.0,0.0
13,G,18119,16344,14507,3923,1828,5557,0.0,2056,0.0,0.0,0.0,0.0,0.0,0.0,0.0
13,H,20175,18400,16563,5979,3884,7612,2056,0.0,0.0,0.0,0.0,0.0,0.0,0.0,0.0
13,I,0.0,0.0,0.0,0.0,0.0,0.0,0.0,0.0,0.0,0.0,0.0,0.0,0.0,0.0,0.0
13,J,0.0,0.0,0.0,0.0,0.0,0.0,0.0,0.0,0.0,0.0,0.0,0.0,0.0,0.0,0.0
13,K,0.0,0.0,0.0,0.0,0.0,0.0,0.0,0.0,0.0,0.0,0.0,0.0,0.0,0.0,0.0
13,L,0.0,0.0,0.0,0.0,0.0,0.0,0.0,0.0,0.0,0.0,0.0,0.0,0.0,0.0,0.0
13,M,0.0,0.0,0.0,0.0,0.0,0.0,0.0,0.0,0.0,0.0,0.0,0.0,0.0,0.0,0.0
13,N,0.0,0.0,0.0,0.0,0.0,0.0,0.0,0.0,0.0,0.0,0.0,0.0,0.0,0.0,0.0
13,O,0.0,0.0,0.0,0.0,0.0,0.0,0.0,0.0,0.0,0.0,0.0,0.0,0.0,0.0,0.0
14,A,0.0,0.0,0.0,3520,5375,1700,7063,8925,0.0,0.0,0.0,0.0,0.0,0.0,0.0
14,B,0.0,0.0,0.0,0.0,0.0,0.0,0.0,0.0,0.0,0.0,0.0,0.0,0.0,0.0,0.0
14,C,0.0,0.0,0.0,0.0,0.0,0.0,0.0,0.0,0.0,0.0,0.0,0.0,0.0,0.0,0.0
14,D,3520,0.0,0.0,0.0,1855,1820,3544,5406,0.0,0.0,0.0,0.0,0.0,0.0,0.0
14,E,5375,0.0,0.0,1855,0.0,3675,1688,3550,0.0,0.0,0.0,0.0,0.0,0.0,0.0
14,F,1700,0.0,0.0,1820,3675,0.0,5364,7226,0.0,0.0,0.0,0.0,0.0,0.0,0.0
14,G,7063,0.0,0.0,3544,1688,5364,0.0,1862,0.0,0.0,0.0,0.0,0.0,0.0,0.0
14,H,8925,0.0,0.0,5406,3550,7226,1862,0.0,0.0,0.0,0.0,0.0,0.0,0.0,0.0
14,I,0.0,0.0,0.0,0.0,0.0,0.0,0.0,0.0,0.0,0.0,0.0,0.0,0.0,0.0,0.0
14,J,0.0,0.0,0.0,0.0,0.0,0.0,0.0,0.0,0.0,0.0,0.0,0.0,0.0,0.0,0.0
14,K,0.0,0.0,0.0,0.0,0.0,0.0,0.0,0.0,0.0,0.0,0.0,0.0,0.0,0.0,0.0
14,L,0.0,0.0,0.0,0.0,0.0,0.0,0.0,0.0,0.0,0.0,0.0,0.0,0.0,0.0,0.0
14,M,0.0,0.0,0.0,0.0,0.0,0.0,0.0,0.0,0.0,0.0,0.0,0.0,0.0,0.0,0.0
14,N,0.0,0.0,0.0,0.0,0.0,0.0,0.0,0.0,0.0,0.0,0.0,0.0,0.0,0.0,0.0
14,O,0.0,0.0,0.0,0.0,0.0,0.0,0.0,0.0,0.0,0.0,0.0,0.0,0.0,0.0,0.0
15,A,0.0,1970,3802,20458,22279,18827,24115,0.0,25684,27829,0.0,29830,31349,0.0,33006
15,B,1970,0.0,1832,18488,20310,16857,22146,0.0,23714,25859,0.0,27860,29380,0.0,31036
15,C,3802,1832,0.0,16656,18478,15025,20314,0.0,21882,24028,0.0,26028,27548,0.0,29204
15,D,20458,18488,16656,0.0,1822,1631,3657,0.0,5226,7371,0.0,9372,10892,0.0,12548
15,E,22279,20310,18478,1822,0.0,3453,1836,0.0,3404,5550,0.0,7550,9070,0.0,10726
15,F,18827,16857,15025,1631,3453,0.0,5289,0.0,6857,9002,0.0,11003,12523,0.0,14179
15,G,24115,22146,20314,3657,1836,5289,0.0,0.0,1568,3714,0.0,5714,7234,0.0,8890
15,H,0.0,0.0,0.0,0.0,0.0,0.0,0.0,0.0,0.0,0.0,0.0,0.0,0.0,0.0,0.0
15,I,25684,23714,21882,5226,3404,6857,1568,0.0,0.0,2146,0.0,4146,5666,0.0,7322
15,J,27829,25859,24028,7371,5550,9002,3714,0.0,2146,0.0,0.0,2000,3520,0.0,5176
15,K,0.0,0.0,0.0,0.0,0.0,0.0,0.0,0.0,0.0,0.0,0.0,0.0,0.0,0.0,0.0
15,L,29830,27860,26028,9372,7550,11003,5714,0.0,4146,2000,0.0,0.0,1520,0.0,3176
15,M,31349,29380,27548,10892,9070,12523,7234,0.0,5666,3520,0.0,1520,0.0,0.0,1656
15,N,0.0,0.0,0.0,0.0,0.0,0.0,0.0,0.0,0.0,0.0,0.0,0.0,0.0,0.0,0.0
15,O,33006,31036,29204,12548,10726,14179,8890,0.0,7322,5176,0.0,3176,1656,0.0,0.0
16,A,0.0,1736,3026,8505,10579,6682,12634,14349,0.0,0.0,0.0,0.0,0.0,0.0,0.0
16,B,1736,0.0,1290,6768,8843,4946,10898,12613,0.0,0.0,0.0,0.0,0.0,0.0,0.0
16,C,3026,1290,0.0,5479,7553,3656,9608,11323,0.0,0.0,0.0,0.0,0.0,0.0,0.0
16,D,8505,6768,5479,0.0,2075,1823,4130,5845,0.0,0.0,0.0,0.0,0.0,0.0,0.0
16,E,10579,8843,7553,2075,0.0,3897,2055,3770,0.0,0.0,0.0,0.0,0.0,0.0,0.0
16,F,6682,4946,3656,1823,3897,0.0,5952,7667,0.0,0.0,0.0,0.0,0.0,0.0,0.0
16,G,12634,10898,9608,4130,2055,5952,0.0,1715,0.0,0.0,0.0,0.0,0.0,0.0,0.0
16,H,14349,12613,11323,5845,3770,7667,1715,0.0,0.0,0.0,0.0,0.0,0.0,0.0,0.0
16,I,0.0,0.0,0.0,0.0,0.0,0.0,0.0,0.0,0.0,0.0,0.0,0.0,0.0,0.0,0.0
16,J,0.0,0.0,0.0,0.0,0.0,0.0,0.0,0.0,0.0,0.0,0.0,0.0,0.0,0.0,0.0
16,K,0.0,0.0,0.0,0.0,0.0,0.0,0.0,0.0,0.0,0.0,0.0,0.0,0.0,0.0,0.0
16,L,0.0,0.0,0.0,0.0,0.0,0.0,0.0,0.0,0.0,0.0,0.0,0.0,0.0,0.0,0.0
16,M,0.0,0.0,0.0,0.0,0.0,0.0,0.0,0.0,0.0,0.0,0.0,0.0,0.0,0.0,0.0
16,N,0.0,0.0,0.0,0.0,0.0,0.0,0.0,0.0,0.0,0.0,0.0,0.0,0.0,0.0,0.0
16,O,0.0,0.0,0.0,0.0,0.0,0.0,0.0,0.0,0.0,0.0,0.0,0.0,0.0,0.0,0.0
17,A,0.0,2030,3744,8804,10572,6993,12521,0.0,14190,16273,18233,0.0,20179,22013,0.0
17,B,2030,0.0,1714,6774,8542,4963,10491,0.0,12160,14243,16202,0.0,18149,19983,0.0
17,C,3744,1714,0.0,5060,6828,3249,8778,0.0,10446,12529,14489,0.0,16435,18269,0.0
17,D,8804,6774,5060,0.0,1768,1811,3718,0.0,5386,7469,9429,0.0,11375,13209,0.0
17,E,10572,8542,6828,1768,0.0,3580,1949,0.0,3618,5701,7660,0.0,9607,11441,0.0
17,F,6993,4963,3249,1811,3580,0.0,5529,0.0,7197,9280,11240,0.0,13186,15021,0.0
17,G,12521,10491,8778,3718,1949,5529,0.0,0.0,1669,3751,5711,0.0,7658,9492,0.0
17,H,0.0,0.0,0.0,0.0,0.0,0.0,0.0,0.0,0.0,0.0,0.0,0.0,0.0,0.0,0.0
17,I,14190,12160,10446,5386,3618,7197,1669,0.0,0.0,2083,4042,0.0,5989,7823,0.0
17,J,16273,14243,12529,7469,5701,9280,3751,0.0,2083,0.0,1960,0.0,3906,5740,0.0
17,K,18233,16202,14489,9429,7660,11240,5711,0.0,4042,1960,0.0,0.0,1947,3781,0.0
17,L,0.0,0.0,0.0,0.0,0.0,0.0,0.0,0.0,0.0,0.0,0.0,0.0,0.0,0.0,0.0
17,M,20179,18149,16435,11375,9607,13186,7658,0.0,5989,3906,1947,0.0,0.0,1834,0.0
17,N,22013,19983,18269,13209,11441,15021,9492,0.0,7823,5740,3781,0.0,1834,0.0,0.0
17,O,0.0,0.0,0.0,0.0,0.0,0.0,0.0,0.0,0.0,0.0,0.0,0.0,0.0,0.0,0.0
18,A,0.0,0.0,0.0,3597,5332,1784,7123,9150,0.0,0.0,0.0,0.0,0.0,0.0,0.0
18,B,0.0,0.0,0.0,0.0,0.0,0.0,0.0,0.0,0.0,0.0,0.0,0.0,0.0,0.0,0.0
18,C,0.0,0.0,0.0,0.0,0.0,0.0,0.0,0.0,0.0,0.0,0.0,0.0,0.0,0.0,0.0
18,D,3597,0.0,0.0,0.0,1735,1814,3526,5553,0.0,0.0,0.0,0.0,0.0,0.0,0.0
18,E,5332,0.0,0.0,1735,0.0,3548,1791,3818,0.0,0.0,0.0,0.0,0.0,0.0,0.0
18,F,1784,0.0,0.0,1814,3548,0.0,5339,7367,0.0,0.0,0.0,0.0,0.0,0.0,0.0
18,G,7123,0.0,0.0,3526,1791,5339,0.0,2028,0.0,0.0,0.0,0.0,0.0,0.0,0.0
18,H,9150,0.0,0.0,5553,3818,7367,2028,0.0,0.0,0.0,0.0,0.0,0.0,0.0,0.0
18,I,0.0,0.0,0.0,0.0,0.0,0.0,0.0,0.0,0.0,0.0,0.0,0.0,0.0,0.0,0.0
18,J,0.0,0.0,0.0,0.0,0.0,0.0,0.0,0.0,0.0,0.0,0.0,0.0,0.0,0.0,0.0
18,K,0.0,0.0,0.0,0.0,0.0,0.0,0.0,0.0,0.0,0.0,0.0,0.0,0.0,0.0,0.0
18,L,0.0,0.0,0.0,0.0,0.0,0.0,0.0,0.0,0.0,0.0,0.0,0.0,0.0,0.0,0.0
18,M,0.0,0.0,0.0,0.0,0.0,0.0,0.0,0.0,0.0,0.0,0.0,0.0,0.0,0.0,0.0
18,N,0.0,0.0,0.0,0.0,0.0,0.0,0.0,0.0,0.0,0.0,0.0,0.0,0.0,0.0,0.0
18,O,0.0,0.0,0.0,0.0,0.0,0.0,0.0,0.0,0.0,0.0,0.0,0.0,0.0,0.0,0.0
19,A,0.0,1931,4022,25717,27236,24147,29040,0.0,30777,32601,0.0,34266,35981,0.0,37721
19,B,1931,0.0,2090,23785,25304,22215,27109,0.0,28845,30670,0.0,32335,34049,0.0,35790
19,C,4022,2090,0.0,21695,23214,20125,25019,0.0,26755,28580,0.0,30245,31959,0.0,33700
19,D,25717,23785,21695,0.0,1519,1570,3324,0.0,5060,6885,0.0,8549,10264,0.0,12004
19,E,27236,25304,23214,1519,0.0,3089,1805,0.0,3541,5366,0.0,7030,8745,0.0,10485
19,F,24147,22215,20125,1570,3089,0.0,4894,0.0,6630,8455,0.0,10120,11834,0.0,13575
19,G,29040,27109,25019,3324,1805,4894,0.0,0.0,1736,3561,0.0,5226,6940,0.0,8681
19,H,0.0,0.0,0.0,0.0,0.0,0.0,0.0,0.0,0.0,0.0,0.0,0.0,0.0,0.0,0.0
19,I,30777,28845,26755,5060,3541,6630,1736,0.0,0.0,1825,0.0,3490,5204,0.0,6945
19,J,32601,30670,28580,6885,5366,8455,3561,0.0,1825,0.0,0.0,1665,3379,0.0,5120
19,K,0.0,0.0,0.0,0.0,0.0,0.0,0.0,0.0,0.0,0.0,0.0,0.0,0.0,0.0,0.0
19,L,34266,32335,30245,8549,7030,10120,5226,0.0,3490,1665,0.0,0.0,1715,0.0,3455
19,M,35981,34049,31959,10264,8745,11834,6940,0.0,5204,3379,0.0,1715,0.0,0.0,1740
19,N,0.0,0.0,0.0,0.0,0.0,0.0,0.0,0.0,0.0,0.0,0.0,0.0,0.0,0.0,0.0
19,O,37721,35790,33700,12004,10485,13575,8681,0.0,6945,5120,0.0,3455,1740,0.0,0.0
20,A,0.0,1778,3444,9467,11235,7681,12975,0.0,14870,16413,18520,0.0,20180,0.0,21886
20,B,1778,0.0,1666,7689,9457,5903,11197,0.0,13092,14635,16742,0.0,18402,0.0,20108
20,C,3444,1666,0.0,6023,7792,4237,9532,0.0,11426,12969,15076,0.0,16736,0.0,18443
20,D,9467,7689,6023,0.0,1769,1786,3509,0.0,5403,6946,9053,0.0,10713,0.0,12420
20,E,11235,9457,7792,1769,0.0,3555,1740,0.0,3634,5177,7284,0.0,8944,0.0,10651
20,F,7681,5903,4237,1786,3555,0.0,5295,0.0,7189,8732,10839,0.0,12499,0.0,14206
20,G,12975,11197,9532,3509,1740,5295,0.0,0.0,1894,3437,5544,0.0,7205,0.0,8911
20,H,0.0,0.0,0.0,0.0,0.0,0.0,0.0,0.0,0.0,0.0,0.0,0.0,0.0,0.0,0.0
20,I,14870,13092,11426,5403,3634,7189,1894,0.0,0.0,1543,3650,0.0,5310,0.0,7017
20,J,16413,14635,12969,6946,5177,8732,3437,0.0,1543,0.0,2107,0.0,3767,0.0,5474
20,K,18520,16742,15076,9053,7284,10839,5544,0.0,3650,2107,0.0,0.0,1660,0.0,3367
20,L,0.0,0.0,0.0,0.0,0.0,0.0,0.0,0.0,0.0,0.0,0.0,0.0,0.0,0.0,0.0
20,M,20180,18402,16736,10713,8944,12499,7205,0.0,5310,3767,1660,0.0,0.0,0.0,1707
20,N,0.0,0.0,0.0,0.0,0.0,0.0,0.0,0.0,0.0,0.0,0.0,0.0,0.0,0.0,0.0
20,O,21886,20108,18443,12420,10651,14206,8911,0.0,7017,5474,3367,0.0,1707,0.0,0.0
21,A,0.0,1791,3614,15059,16887,13144,18527,0.0,20158,22236,0.0,23746,25642,0.0,27502
21,B,1791,0.0,1823,13268,15096,11353,16736,0.0,18367,20445,0.0,21955,23850,0.0,25710
21,C,3614,1823,0.0,11445,13273,9530,14913,0.0,16544,18622,0.0,20132,22028,0.0,23888
21,D,15059,13268,11445,0.0,1828,1915,3468,0.0,5099,7177,0.0,8687,10582,0.0,12442
21,E,16887,15096,13273,1828,0.0,3743,1640,0.0,3271,5349,0.0,6859,8755,0.0,10615
21,F,13144,11353,9530,1915,3743,0.0,5383,0.0,7014,9092,0.0,10602,12498,0.0,14358
21,G,18527,16736,14913,3468,1640,5383,0.0,0.0,1631,3709,0.0,5219,7115,0.0,8975
21,H,0.0,0.0,0.0,0.0,0.0,0.0,0.0,0.0,0.0,0.0,0.0,0.0,0.0,0.0,0.0
21,I,20158,18367,16544,5099,3271,7014,1631,0.0,0.0,2078,0.0,3588,5484,0.0,7344
21,J,22236,20445,18622,7177,5349,9092,3709,0.0,2078,0.0,0.0,1510,3406,0.0,5266
21,K,0.0,0.0,0.0,0.0,0.0,0.0,0.0,0.0,0.0,0.0,0.0,0.0,0.0,0.0,0.0
21,L,23746,21955,20132,8687,6859,10602,5219,0.0,3588,1510,0.0,0.0,1895,0.0,3755
21,M,25642,23850,22028,10582,8755,12498,7115,0.0,5484,3406,0.0,1895,0.0,0.0,1860
21,N,0.0,0.0,0.0,0.0,0.0,0.0,0.0,0.0,0.0,0.0,0.0,0.0,0.0,0.0,0.0
21,O,27502,25710,23888,12442,10615,14358,8975,0.0,7344,5266,0.0,3755,1860,0.0,0.0
22,A,0.0,0.0,0.0,3889,5608,2076,7499,0.0,9432,11575,13271,0.0,15026,0.0,16579
22,B,0.0,0.0,0.0,0.0,0.0,0.0,0.0,0.0,0.0,0.0,0.0,0.0,0.0,0.0,0.0
22,C,0.0,0.0,0.0,0.0,0.0,0.0,0.0,0.0,0.0,0.0,0.0,0.0,0.0,0.0,0.0
22,D,3889,0.0,0.0,0.0,1719,1813,3610,0.0,5543,7685,9381,0.0,11137,0.0,12690
22,E,5608,0.0,0.0,1719,0.0,3532,1891,0.0,3824,5966,7662,0.0,9418,0.0,10971
22,F,2076,0.0,0.0,1813,3532,0.0,5423,0.0,7356,9498,11194,0.0,12950,0.0,14503
22,G,7499,0.0,0.0,3610,1891,5423,0.0,0.0,1933,4075,5771,0.0,7527,0.0,9080
22,H,0.0,0.0,0.0,0.0,0.0,0.0,0.0,0.0,0.0,0.0,0.0,0.0,0.0,0.0,0.0
22,I,9432,0.0,0.0,5543,3824,7356,1933,0.0,0.0,2142,3839,0.0,5594,0.0,7147
22,J,11575,0.0,0.0,7685,5966,9498,4075,0.0,2142,0.0,1696,0.0,3452,0.0,5005
22,K,13271,0.0,0.0,9381,7662,11194,5771,0.0,3839,1696,0.0,0.0,1756,0.0,3309
22,L,0.0,0.0,0.0,0.0,0.0,0.0,0.0,0.0,0.0,0.0,0.0,0.0,0.0,0.0,0.0
22,M,15026,0.0,0.0,11137,9418,12950,7527,0.0,5594,3452,1756,0.0,0.0,0.0,1553
22,N,0.0,0.0,0.0,0.0,0.0,0.0,0.0,0.0,0.0,0.0,0.0,0.0,0.0,0.0,0.0
22,O,16579,0.0,0.0,12690,10971,14503,9080,0.0,7147,5005,3309,0.0,1553,0.0,0.0
23,A,0.0,0.0,0.0,3528,5363,1610,7134,8873,0.0,0.0,0.0,0.0,0.0,0.0,0.0
23,B,0.0,0.0,0.0,0.0,0.0,0.0,0.0,0.0,0.0,0.0,0.0,0.0,0.0,0.0,0.0
23,C,0.0,0.0,0.0,0.0,0.0,0.0,0.0,0.0,0.0,0.0,0.0,0.0,0.0,0.0,0.0
23,D,3528,0.0,0.0,0.0,1835,1918,3606,5345,0.0,0.0,0.0,0.0,0.0,0.0,0.0
23,E,5363,0.0,0.0,1835,0.0,3753,1771,3510,0.0,0.0,0.0,0.0,0.0,0.0,0.0
23,F,1610,0.0,0.0,1918,3753,0.0,5524,7263,0.0,0.0,0.0,0.0,0.0,0.0,0.0
23,G,7134,0.0,0.0,3606,1771,5524,0.0,1739,0.0,0.0,0.0,0.0,0.0,0.0,0.0
23,H,8873,0.0,0.0,5345,3510,7263,1739,0.0,0.0,0.0,0.0,0.0,0.0,0.0,0.0
23,I,0.0,0.0,0.0,0.0,0.0,0.0,0.0,0.0,0.0,0.0,0.0,0.0,0.0,0.0,0.0
23,J,0.0,0.0,0.0,0.0,0.0,0.0,0.0,0.0,0.0,0.0,0.0,0.0,0.0,0.0,0.0
23,K,0.0,0.0,0.0,0.0,0.0,0.0,0.0,0.0,0.0,0.0,0.0,0.0,0.0,0.0,0.0
23,L,0.0,0.0,0.0,0.0,0.0,0.0,0.0,0.0,0.0,0.0,0.0,0.0,0.0,0.0,0.0
23,M,0.0,0.0,0.0,0.0,0.0,0.0,0.0,0.0,0.0,0.0,0.0,0.0,0.0,0.0,0.0
23,N,0.0,0.0,0.0,0.0,0.0,0.0,0.0,0.0,0.0,0.0,0.0,0.0,0.0,0.0,0.0
23,O,0.0,0.0,0.0,0.0,0.0,0.0,0.0,0.0,0.0,0.0,0.0,0.0,0.0,0.0,0.0
24,A,0.0,1588,3475,19699,21345,18121,22907,24763,0.0,0.0,0.0,0.0,0.0,0.0,0.0
24,B,1588,0.0,1887,18111,19756,16533,21318,23175,0.0,0.0,0.0,0.0,0.0,0.0,0.0
24,C,3475,1887,0.0,16224,17869,14646,19431,21288,0.0,0.0,0.0,0.0,0.0,0.0,0.0
24,D,19699,18111,16224,0.0,1645,1578,3208,5064,0.0,0.0,0.0,0.0,0.0,0.0,0.0
24,E,21345,19756,17869,1645,0.0,3223,1562,3419,0.0,0.0,0.0,0.0,0.0,0.0,0.0
24,F,18121,16533,14646,1578,3223,0.0,4786,6642,0.0,0.0,0.0,0.0,0.0,0.0,0.0
24,G,22907,21318,19431,3208,1562,4786,0.0,1857,0.0,0.0,0.0,0.0,0.0,0.0,0.0
24,H,24763,23175,21288,5064,3419,6642,1857,0.0,0.0,0.0,0.0,0.0,0.0,0.0,0.0
24,I,0.0,0.0,0.0,0.0,0.0,0.0,0.0,0.0,0.0,0.0,0.0,0.0,0.0,0.0,0.0
24,J,0.0,0.0,0.0,0.0,0.0,0.0,0.0,0.0,0.0,0.0,0.0,0.0,0.0,0.0,0.0
24,K,0.0,0.0,0.0,0.0,0.0,0.0,0.0,0.0,0.0,0.0,0.0,0.0,0.0,0.0,0.0
24,L,0.0,0.0,0.0,0.0,0.0,0.0,0.0,0.0,0.0,0.0,0.0,0.0,0.0,0.0,0.0
24,M,0.0,0.0,0.0,0.0,0.0,0.0,0.0,0.0,0.0,0.0,0.0,0.0,0.0,0.0,0.0
24,N,0.0,0.0,0.0,0.0,0.0,0.0,0.0,0.0,0.0,0.0,0.0,0.0,0.0,0.0,0.0
24,O,0.0,0.0,0.0,0.0,0.0,0.0,0.0,0.0,0.0,0.0,0.0,0.0,0.0,0.0,0.0
25,A,0.0,0.0,0.0,4115,6091,2011,7765,9971,0.0,0.0,0.0,0.0,0.0,0.0,0.0
25,B,0.0,0.0,0.0,0.0,0.0,0.0,0.0,0.0,0.0,0.0,0.0,0.0,0.0,0.0,0.0
25,C,0.0,0.0,0.0,0.0,0.0,0.0,0.0,0.0,0.0,0.0,0.0,0.0,0.0,0.0,0.0
25,D,4115,0.0,0.0,0.0,1976,2104,3650,5856,0.0,0.0,0.0,0.0,0.0,0.0,0.0
25,E,6091,0.0,0.0,1976,0.0,4080,1674,3880,0.0,0.0,0.0,0.0,0.0,0.0,0.0
25,F,2011,0.0,0.0,2104,4080,0.0,5754,7960,0.0,0.0,0.0,0.0,0.0,0.0,0.0
25,G,7765,0.0,0.0,3650,1674,5754,0.0,2206,0.0,0.0,0.0,0.0,0.0,0.0,0.0
25,H,9971,0.0,0.0,5856,3880,7960,2206,0.0,0.0,0.0,0.0,0.0,0.0,0.0,0.0
25,I,0.0,0.0,0.0,0.0,0.0,0.0,0.0,0.0,0.0,0.0,0.0,0.0,0.0,0.0,0.0
25,J,0.0,0.0,0.0,0.0,0.0,0.0,0.0,0.0,0.0,0.0,0.0,0.0,0.0,0.0,0.0
25,K,0.0,0.0,0.0,0.0,0.0,0.0,0.0,0.0,0.0,0.0,0.0,0.0,0.0,0.0,0.0
25,L,0.0,0.0,0.0,0.0,0.0,0.0,0.0,0.0,0.0,0.0,0.0,0.0,0.0,0.0,0.0
25,M,0.0,0.0,0.0,0.0,0.0,0.0,0.0,0.0,0.0,0.0,0.0,0.0,0.0,0.0,0.0
25,N,0.0,0.0,0.0,0.0,0.0,0.0,0.0,0.0,0.0,0.0,0.0,0.0,0.0,0.0,0.0
25,O,0.0,0.0,0.0,0.0,0.0,0.0,0.0,0.0,0.0,0.0,0.0,0.0,0.0,0.0,0.0
26,A,0.0,1823,3592,14073,15878,12194,17694,19372,0.0,0.0,0.0,0.0,0.0,0.0,0.0
26,B,1823,0.0,1769,12250,14056,10371,15871,17549,0.0,0.0,0.0,0.0,0.0,0.0,0.0
26,C,3592,1769,0.0,10480,12286,8602,14102,15780,0.0,0.0,0.0,0.0,0.0,0.0,0.0
26,D,14073,12250,10480,0.0,1806,1879,3621,5299,0.0,0.0,0.0,0.0,0.0,0.0,0.0
26,E,15878,14056,12286,1806,0.0,3684,1815,3493,0.0,0.0,0.0,0.0,0.0,0.0,0.0
26,F,12194,10371,8602,1879,3684,0.0,5500,7178,0.0,0.0,0.0,0.0,0.0,0.0,0.0
26,G,17694,15871,14102,3621,1815,5500,0.0,1678,0.0,0.0,0.0,0.0,0.0,0.0,0.0
26,H,19372,17549,15780,5299,3493,7178,1678,0.0,0.0,0.0,0.0,0.0,0.0,0.0,0.0
26,I,0.0,0.0,0.0,0.0,0.0,0.0,0.0,0.0,0.0,0.0,0.0,0.0,0.0,0.0,0.0
26,J,0.0,0.0,0.0,0.0,0.0,0.0,0.0,0.0,0.0,0.0,0.0,0.0,0.0,0.0,0.0
26,K,0.0,0.0,0.0,0.0,0.0,0.0,0.0,0.0,0.0,0.0,0.0,0.0,0.0,0.0,0.0
26,L,0.0,0.0,0.0,0.0,0.0,0.0,0.0,0.0,0.0,0.0,0.0,0.0,0.0,0.0,0.0
26,M,0.0,0.0,0.0,0.0,0.0,0.0,0.0,0.0,0.0,0.0,0.0,0.0,0.0,0.0,0.0
26,N,0.0,0.0,0.0,0.0,0.0,0.0,0.0,0.0,0.0,0.0,0.0,0.0,0.0,0.0,0.0
26,O,0.0,0.0,0.0,0.0,0.0,0.0,0.0,0.0,0.0,0.0,0.0,0.0,0.0,0.0,0.0
27,A,0.0,1691,3391,8870,10782,7059,12621,0.0,14677,16271,18018,0.0,19620,0.0,21474
27,B,1691,0.0,1700,7179,9090,5368,10930,0.0,12986,14579,16326,0.0,17929,0.0,19783
27,C,3391,1700,0.0,5479,7390,3667,9229,0.0,11286,12879,14626,0.0,16229,0.0,18082
27,D,8870,7179,5479,0.0,1911,1811,3751,0.0,5807,7401,9147,0.0,10750,0.0,12604
27,E,10782,9090,7390,1911,0.0,3723,1839,0.0,3896,5489,7236,0.0,8839,0.0,10692
27,F,7059,5368,3667,1811,3723,0.0,5562,0.0,7619,9212,10959,0.0,12561,0.0,14415
27,G,12621,10930,9229,3751,1839,5562,0.0,0.0,2056,3650,5397,0.0,6999,0.0,8853
27,H,0.0,0.0,0.0,0.0,0.0,0.0,0.0,0.0,0.0,0.0,0.0,0.0,0.0,0.0,0.0
27,I,14677,12986,11286,5807,3896,7619,2056,0.0,0.0,1593,3340,0.0,4943,0.0,6796
27,J,16271,14579,12879,7401,5489,9212,3650,0.0,1593,0.0,1747,0.0,3350,0.0,5203
27,K,18018,16326,14626,9147,7236,10959,5397,0.0,3340,1747,0.0,0.0,1603,0.0,3456
27,L,0.0,0.0,0.0,0.0,0.0,0.0,0.0,0.0,0.0,0.0,0.0,0.0,0.0,0.0,0.0
27,M,19620,17929,16229,10750,8839,12561,6999,0.0,4943,3350,1603,0.0,0.0,0.0,1853
27,N,0.0,0.0,0.0,0.0,0.0,0.0,0.0,0.0,0.0,0.0,0.0,0.0,0.0,0.0,0.0
27,O,21474,19783,18082,12604,10692,14415,8853,0.0,6796,5203,3456,0.0,1853,0.0,0.0
28,A,0.0,1941,3661,9214,11187,7463,13244,15356,0.0,0.0,0.0,0.0,0.0,0.0,0.0
28,B,1941,0.0,1720,7274,9246,5523,11304,13416,0.0,0.0,0.0,0.0,0.0,0.0,0.0
28,C,3661,1720,0.0,5553,7526,3803,9583,11695,0.0,0.0,0.0,0.0,0.0,0.0,0.0
28,D,9214,7274,5553,0.0,1973,1751,4030,6142,0.0,0.0,0.0,0.0,0.0,0.0,0.0
28,E,11187,9246,7526,1973,0.0,3724,2057,4169,0.0,0.0,0.0,0.0,0.0,0.0,0.0
28,F,7463,5523,3803,1751,3724,0.0,5781,7893,0.0,0.0,0.0,0.0,0.0,0.0,0.0
28,G,13244,11304,9583,4030,2057,5781,0.0,2112,0.0,0.0,0.0,0.0,0.0,0.0,0.0
28,H,15356,13416,11695,6142,4169,7893,2112,0.0,0.0,0.0,0.0,0.0,0.0,0.0,0.0
28,I,0.0,0.0,0.0,0.0,0.0,0.0,0.0,0.0,0.0,0.0,0.0,0.0,0.0,0.0,0.0
28,J,0.0,0.0,0.0,0.0,0.0,0.0,0.0,0.0,0.0,0.0,0.0,0.0,0.0,0.0,0.0
28,K,0.0,0.0,0.0,0.0,0.0,0.0,0.0,0.0,0.0,0.0,0.0,0.0,0.0,0.0,0.0
28,L,0.0,0.0,0.0,0.0,0.0,0.0,0.0,0.0,0.0,0.0,0.0,0.0,0.0,0.0,0.0
28,M,0.0,0.0,0.0,0.0,0.0,0.0,0.0,0.0,0.0,0.0,0.0,0.0,0.0,0.0,0.0
28,N,0.0,0.0,0.0,0.0,0.0,0.0,0.0,0.0,0.0,0.0,0.0,0.0,0.0,0.0,0.0
28,O,0.0,0.0,0.0,0.0,0.0,0.0,0.0,0.0,0.0,0.0,0.0,0.0,0.0,0.0,0.0
29,A,0.0,1724,3233,14440,15569,12704,17666,0.0,19471,21426,0.0,23415,25061,0.0,27054
29,B,1724,0.0,1509,12715,13844,10980,15941,0.0,17746,19702,0.0,21690,23337,0.0,25329
29,C,3233,1509,0.0,11206,12335,9471,14432,0.0,16237,18193,0.0,20182,21828,0.0,23820
29,D,14440,12715,11206,0.0,1129,1736,3226,0.0,5031,6987,0.0,8975,10622,0.0,12614
29,E,15569,13844,12335,1129,0.0,2864,2097,0.0,3902,5858,0.0,7846,9493,0.0,11485
29,F,12704,10980,9471,1736,2864,0.0,4962,0.0,6766,8722,0.0,10711,12357,0.0,14350
29,G,17666,15941,14432,3226,2097,4962,0.0,0.0,1805,3761,0.0,5749,7396,0.0,9388
29,H,0.0,0.0,0.0,0.0,0.0,0.0,0.0,0.0,0.0,0.0,0.0,0.0,0.0,0.0,0.0
29,I,19471,17746,16237,5031,3902,6766,1805,0.0,0.0,1956,0.0,3944,5591,0.0,7583
29,J,21426,19702,18193,6987,5858,8722,3761,0.0,1956,0.0,0.0,1988,3635,0.0,5627
29,K,0.0,0.0,0.0,0.0,0.0,0.0,0.0,0.0,0.0,0.0,0.0,0.0,0.0,0.0,0.0
29,L,23415,21690,20182,8975,7846,10711,5749,0.0,3944,1988,0.0,0.0,1646,0.0,3639
29,M,25061,23337,21828,10622,9493,12357,7396,0.0,5591,3635,0.0,1646,0.0,0.0,1992
29,N,0.0,0.0,0.0,0.0,0.0,0.0,0.0,0.0,0.0,0.0,0.0,0.0,0.0,0.0,0.0
29,O,27054,25329,23820,12614,11485,14350,9388,0.0,7583,5627,0.0,3639,1992,0.0,0.0
30,A,0.0,0.0,0.0,3481,5251,1734,7203,0.0,8881,10606,0.0,12840,14510,0.0,16119
30,B,0.0,0.0,0.0,0.0,0.0,0.0,0.0,0.0,0.0,0.0,0.0,0.0,0.0,0.0,0.0
30,C,0.0,0.0,0.0,0.0,0.0,0.0,0.0,0.0,0.0,0.0,0.0,0.0,0.0,0.0,0.0
30,D,3481,0.0,0.0,0.0,1770,1747,3722,0.0,5400,7126,0.0,9360,11029,0.0,12639
30,E,5251,0.0,0.0,1770,0.0,3517,1952,0.0,3630,5356,0.0,7590,9259,0.0,10868
30,F,1734,0.0,0.0,1747,3517,0.0,5469,0.0,7147,8873,0.0,11107,12776,0.0,14386
30,G,7203,0.0,0.0,3722,1952,5469,0.0,0.0,1678,3403,0.0,5637,7307,0.0,8916
30,H,0.0,0.0,0.0,0.0,0.0,0.0,0.0,0.0,0.0,0.0,0.0,0.0,0.0,0.0,0.0
30,I,8881,0.0,0.0,5400,3630,7147,1678,0.0,0.0,1726,0.0,3960,5629,0.0,7238
30,J,10606,0.0,0.0,7126,5356,8873,3403,0.0,1726,0.0,0.0,2234,3904,0.0,5513
30,K,0.0,0.0,0.0,0.0,0.0,0.0,0.0,0.0,0.0,0.0,0.0,0.0,0.0,0.0,0.0
30,L,12840,0.0,0.0,9360,7590,11107,5637,0.0,3960,2234,0.0,0.0,1670,0.0,3279
30,M,14510,0.0,0.0,11029,9259,12776,7307,0.0,5629,3904,0.0,1670,0.0,0.0,1609
30,N,0.0,0.0,0.0,0.0,0.0,0.0,0.0,0.0,0.0,0.0,0.0,0.0,0.0,0.0,0.0
30,O,16119,0.0,0.0,12639,10868,14386,8916,0.0,7238,5513,0.0,3279,1609,0.0,0.0
31,A,0.0,1675,3166,24769,26591,23178,28423,30333,0.0,0.0,0.0,0.0,0.0,0.0,0.0
31,B,1675,0.0,1492,23094,24916,21503,26749,28659,0.0,0.0,0.0,0.0,0.0,0.0,0.0
31,C,3166,1492,0.0,21602,23425,20011,25257,27167,0.0,0.0,0.0,0.0,0.0,0.0,0.0
31,D,24769,23094,21602,0.0,1822,1591,3655,5565,0.0,0.0,0.0,0.0,0.0,0.0,0.0
31,E,26591,24916,23425,1822,0.0,3413,1832,3743,0.0,0.0,0.0,0.0,0.0,0.0,0.0
31,F,23178,21503,20011,1591,3413,0.0,5245,7156,0.0,0.0,0.0,0.0,0.0,0.0,0.0
31,G,28423,26749,25257,3655,1832,5245,0.0,1910,0.0,0.0,0.0,0.0,0.0,0.0,0.0
31,H,30333,28659,27167,5565,3743,7156,1910,0.0,0.0,0.0,0.0,0.0,0.0,0.0,0.0
31,I,0.0,0.0,0.0,0.0,0.0,0.0,0.0,0.0,0.0,0.0,0.0,0.0,0.0,0.0,0.0
31,J,0.0,0.0,0.0,0.0,0.0,0.0,0.0,0.0,0.0,0.0,0.0,0.0,0.0,0.0,0.0
31,K,0.0,0.0,0.0,0.0,0.0,0.0,0.0,0.0,0.0,0.0,0.0,0.0,0.0,0.0,0.0
31,L,0.0,0.0,0.0,0.0,0.0,0.0,0.0,0.0,0.0,0.0,0.0,0.0,0.0,0.0,0.0
31,M,0.0,0.0,0.0,0.0,0.0,0.0,0.0,0.0,0.0,0.0,0.0,0.0,0.0,0.0,0.0
31,N,0.0,0.0,0.0,0.0,0.0,0.0,0.0,0.0,0.0,0.0,0.0,0.0,0.0,0.0,0.0
31,O,0.0,0.0,0.0,0.0,0.0,0.0,0.0,0.0,0.0,0.0,0.0,0.0,0.0,0.0,0.0
32,A,0.0,0.0,0.0,3400,4973,1883,6499,8426,0.0,0.0,0.0,0.0,0.0,0.0,0.0
32,B,0.0,0.0,0.0,0.0,0.0,0.0,0.0,0.0,0.0,0.0,0.0,0.0,0.0,0.0,0.0
32,C,0.0,0.0,0.0,0.0,0.0,0.0,0.0,0.0,0.0,0.0,0.0,0.0,0.0,0.0,0.0
32,D,3400,0.0,0.0,0.0,1573,1517,3099,5027,0.0,0.0,0.0,0.0,0.0,0.0,0.0
32,E,4973,0.0,0.0,1573,0.0,3090,1526,3453,0.0,0.0,0.0,0.0,0.0,0.0,0.0
32,F,1883,0.0,0.0,1517,3090,0.0,4616,6543,0.0,0.0,0.0,0.0,0.0,0.0,0.0
32,G,6499,0.0,0.0,3099,1526,4616,0.0,1928,0.0,0.0,0.0,0.0,0.0,0.0,0.0
32,H,8426,0.0,0.0,5027,3453,6543,1928,0.0,0.0,0.0,0.0,0.0,0.0,0.0,0.0
32,I,0.0,0.0,0.0,0.0,0.0,0.0,0.0,0.0,0.0,0.0,0.0,0.0,0.0,0.0,0.0
32,J,0.0,0.0,0.0,0.0,0.0,0.0,0.0,0.0,0.0,0.0,0.0,0.0,0.0,0.0,0.0
32,K,0.0,0.0,0.0,0.0,0.0,0.0,0.0,0.0,0.0,0.0,0.0,0.0,0.0,0.0,0.0
32,L,0.0,0.0,0.0,0.0,0.0,0.0,0.0,0.0,0.0,0.0,0.0,0.0,0.0,0.0,0.0
32,M,0.0,0.0,0.0,0.0,0.0,0.0,0.0,0.0,0.0,0.0,0.0,0.0,0.0,0.0,0.0
32,N,0.0,0.0,0.0,0.0,0.0,0.0,0.0,0.0,0.0,0.0,0.0,0.0,0.0,0.0,0.0
32,O,0.0,0.0,0.0,0.0,0.0,0.0,0.0,0.0,0.0,0.0,0.0,0.0,0.0,0.0,0.0
33,A,0.0,1964,3809,9451,11249,7425,13109,14796,0.0,0.0,0.0,0.0,0.0,0.0,0.0
33,B,1964,0.0,1845,7487,9285,5461,11144,12832,0.0,0.0,0.0,0.0,0.0,0.0,0.0
33,C,3809,1845,0.0,5642,7440,3616,9300,10987,0.0,0.0,0.0,0.0,0.0,0.0,0.0
33,D,9451,7487,5642,0.0,1798,2026,3658,5345,0.0,0.0,0.0,0.0,0.0,0.0,0.0
33,E,11249,9285,7440,1798,0.0,3824,1860,3547,0.0,0.0,0.0,0.0,0.0,0.0,0.0
33,F,7425,5461,3616,2026,3824,0.0,5684,7371,0.0,0.0,0.0,0.0,0.0,0.0,0.0
33,G,13109,11144,9300,3658,1860,5684,0.0,1687,0.0,0.0,0.0,0.0,0.0,0.0,0.0
33,H,14796,12832,10987,5345,3547,7371,1687,0.0,0.0,0.0,0.0,0.0,0.0,0.0,0.0
33,I,0.0,0.0,0.0,0.0,0.0,0.0,0.0,0.0,0.0,0.0,0.0,0.0,0.0,0.0,0.0
33,J,0.0,0.0,0.0,0.0,0.0,0.0,0.0,0.0,0.0,0.0,0.0,0.0,0.0,0.0,0.0
33,K,0.0,0.0,0.0,0.0,0.0,0.0,0.0,0.0,0.0,0.0,0.0,0.0,0.0,0.0,0.0
33,L,0.0,0.0,0.0,0.0,0.0,0.0,0.0,0.0,0.0,0.0,0.0,0.0,0.0,0.0,0.0
33,M,0.0,0.0,0.0,0.0,0.0,0.0,0.0,0.0,0.0,0.0,0.0,0.0,0.0,0.0,0.0
33,N,0.0,0.0,0.0,0.0,0.0,0.0,0.0,0.0,0.0,0.0,0.0,0.0,0.0,0.0,0.0
33,O,0.0,0.0,0.0,0.0,0.0,0.0,0.0,0.0,0.0,0.0,0.0,0.0,0.0,0.0,0.0
34,A,0.0,2020,3774,9270,11231,7481,12999,14714,0.0,0.0,0.0,0.0,0.0,0.0,0.0
34,B,2020,0.0,1754,7250,9212,5461,10979,12695,0.0,0.0,0.0,0.0,0.0,0.0,0.0
34,C,3774,1754,0.0,5496,7458,3708,9225,10941,0.0,0.0,0.0,0.0,0.0,0.0,0.0
34,D,9270,7250,5496,0.0,1961,1789,3729,5445,0.0,0.0,0.0,0.0,0.0,0.0,0.0
34,E,11231,9212,7458,1961,0.0,3750,1767,3483,0.0,0.0,0.0,0.0,0.0,0.0,0.0
34,F,7481,5461,3708,1789,3750,0.0,5517,7233,0.0,0.0,0.0,0.0,0.0,0.0,0.0
34,G,12999,10979,9225,3729,1767,5517,0.0,1716,0.0,0.0,0.0,0.0,0.0,0.0,0.0
34,H,14714,12695,10941,5445,3483,7233,1716,0.0,0.0,0.0,0.0,0.0,0.0,0.0,0.0
34,I,0.0,0.0,0.0,0.0,0.0,0.0,0.0,0.0,0.0,0.0,0.0,0.0,0.0,0.0,0.0
34,J,0.0,0.0,0.0,0.0,0.0,0.0,0.0,0.0,0.0,0.0,0.0,0.0,0.0,0.0,0.0
34,K,0.0,0.0,0.0,0.0,0.0,0.0,0.0,0.0,0.0,0.0,0.0,0.0,0.0,0.0,0.0
34,L,0.0,0.0,0.0,0.0,0.0,0.0,0.0,0.0,0.0,0.0,0.0,0.0,0.0,0.0,0.0
34,M,0.0,0.0,0.0,0.0,0.0,0.0,0.0,0.0,0.0,0.0,0.0,0.0,0.0,0.0,0.0
34,N,0.0,0.0,0.0,0.0,0.0,0.0,0.0,0.0,0.0,0.0,0.0,0.0,0.0,0.0,0.0
34,O,0.0,0.0,0.0,0.0,0.0,0.0,0.0,0.0,0.0,0.0,0.0,0.0,0.0,0.0,0.0
35,A,0.0,0.0,0.0,4102,6067,1925,7704,9402,0.0,0.0,0.0,0.0,0.0,0.0,0.0
35,B,0.0,0.0,0.0,0.0,0.0,0.0,0.0,0.0,0.0,0.0,0.0,0.0,0.0,0.0,0.0
35,C,0.0,0.0,0.0,0.0,0.0,0.0,0.0,0.0,0.0,0.0,0.0,0.0,0.0,0.0,0.0
35,D,4102,0.0,0.0,0.0,1965,2177,3602,5300,0.0,0.0,0.0,0.0,0.0,0.0,0.0
35,E,6067,0.0,0.0,1965,0.0,4142,1637,3336,0.0,0.0,0.0,0.0,0.0,0.0,0.0
35,F,1925,0.0,0.0,2177,4142,0.0,5779,7477,0.0,0.0,0.0,0.0,0.0,0.0,0.0
35,G,7704,0.0,0.0,3602,1637,5779,0.0,1698,0.0,0.0,0.0,0.0,0.0,0.0,0.0
35,H,9402,0.0,0.0,5300,3336,7477,1698,0.0,0.0,0.0,0.0,0.0,0.0,0.0,0.0
35,I,0.0,0.0,0.0,0.0,0.0,0.0,0.0,0.0,0.0,0.0,0.0,0.0,0.0,0.0,0.0
35,J,0.0,0.0,0.0,0.0,0.0,0.0,0.0,0.0,0.0,0.0,0.0,0.0,0.0,0.0,0.0
35,K,0.0,0.0,0.0,0.0,0.0,0.0,0.0,0.0,0.0,0.0,0.0,0.0,0.0,0.0,0.0
35,L,0.0,0.0,0.0,0.0,0.0,0.0,0.0,0.0,0.0,0.0,0.0,0.0,0.0,0.0,0.0
35,M,0.0,0.0,0.0,0.0,0.0,0.0,0.0,0.0,0.0,0.0,0.0,0.0,0.0,0.0,0.0
35,N,0.0,0.0,0.0,0.0,0.0,0.0,0.0,0.0,0.0,0.0,0.0,0.0,0.0,0.0,0.0
35,O,0.0,0.0,0.0,0.0,0.0,0.0,0.0,0.0,0.0,0.0,0.0,0.0,0.0,0.0,0.0
36,A,0.0,0.0,0.0,3809,5661,1884,7277,0.0,9382,11230,13394,0.0,15225,17017,0.0
36,B,0.0,0.0,0.0,0.0,0.0,0.0,0.0,0.0,0.0,0.0,0.0,0.0,0.0,0.0,0.0
36,C,0.0,0.0,0.0,0.0,0.0,0.0,0.0,0.0,0.0,0.0,0.0,0.0,0.0,0.0,0.0
36,D,3809,0.0,0.0,0.0,1852,1926,3468,0.0,5572,7420,9585,0.0,11416,13208,0.0
36,E,5661,0.0,0.0,1852,0.0,3777,1616,0.0,3721,5569,7733,0.0,9564,11356,0.0
36,F,1884,0.0,0.0,1926,3777,0.0,5393,0.0,7498,9346,11510,0.0,13342,15133,0.0
36,G,7277,0.0,0.0,3468,1616,5393,0.0,0.0,2105,3953,6117,0.0,7948,9740,0.0
36,H,0.0,0.0,0.0,0.0,0.0,0.0,0.0,0.0,0.0,0.0,0.0,0.0,0.0,0.0,0.0
36,I,9382,0.0,0.0,5572,3721,7498,2105,0.0,0.0,1848,4012,0.0,5844,7635,0.0
36,J,11230,0.0,0.0,7420,5569,9346,3953,0.0,1848,0.0,2164,0.0,3996,5787,0.0
36,K,13394,0.0,0.0,9585,7733,11510,6117,0.0,4012,2164,0.0,0.0,1831,3623,0.0
36,L,0.0,0.0,0.0,0.0,0.0,0.0,0.0,0.0,0.0,0.0,0.0,0.0,0.0,0.0,0.0
36,M,15225,0.0,0.0,11416,9564,13342,7948,0.0,5844,3996,1831,0.0,0.0,1792,0.0
36,N,17017,0.0,0.0,13208,11356,15133,9740,0.0,7635,5787,3623,0.0,1792,0.0,0.0
36,O,0.0,0.0,0.0,0.0,0.0,0.0,0.0,0.0,0.0,0.0,0.0,0.0,0.0,0.0,0.0
37,A,0.0,0.0,0.0,3432,5084,1925,6794,8477,0.0,0.0,0.0,0.0,0.0,0.0,0.0
