case,activitypair,A,B,C,D,E,F,G,H,I,J,K,L,M,N,O
0,A,0.0,1730,3642,24741,26844,23018,28716,30465,0.0,0.0,0.0,0.0,0.0,0.0,0.0
0,B,1730,0.0,1912,23011,25114,21288,26986,28735,0.0,0.0,0.0,0.0,0.0,0.0,0.0
0,C,3642,1912,0.0,21099,23202,19377,25074,26823,0.0,0.0,0.0,0.0,0.0,0.0,0.0
0,D,24741,23011,21099,0.0,2103,1723,3975,5724,0.0,0.0,0.0,0.0,0.0,0.0,0.0
0,E,26844,25114,23202,2103,0.0,3826,1872,3621,0.0,0.0,0.0,0.0,0.0,0.0,0.0
0,F,23018,21288,19377,1723,3826,0.0,5698,7447,0.0,0.0,0.0,0.0,0.0,0.0,0.0
0,G,28716,26986,25074,3975,1872,5698,0.0,1749,0.0,0.0,0.0,0.0,0.0,0.0,0.0
0,H,30465,28735,26823,5724,3621,7447,1749,0.0,0.0,0.0,0.0,0.0,0.0,0.0,0.0
0,I,0.0,0.0,0.0,0.0,0.0,0.0,0.0,0.0,0.0,0.0,0.0,0.0,0.0,0.0,0.0
0,J,0.0,0.0,0.0,0.0,0.0,0.0,0.0,0.0,0.0,0.0,0.0,0.0,0.0,0.0,0.0
0,K,0.0,0.0,0.0,0.0,0.0,0.0,0.0,0.0,0.0,0.0,0.0,0.0,0.0,0.0,0.0
0,L,0.0,0.0,0.0,0.0,0.0,0.0,0.0,0.0,0.0,0.0,0.0,0.0,0.0,0.0,0.0
0,M,0.0,0.0,0.0,0.0,0.0,0.0,0.0,0.0,0.0,0.0,0.0,0.0,0.0,0.0,0.0
0,N,0.0,0.0,0.0,0.0,0.0,0.0,0.0,0.0,0.0,0.0,0.0,0.0,0.0,0.0,0.0
0,O,0.0,0.0,0.0,0.0,0.0,0.0,0.0,0.0,0.0,0.0,0.0,0.0,0.0,0.0,0.0
1,A,0.0,1960,3661,36142,37924,34009,39685,0.0,41445,43690,0.0,45434,47011,48707,0.0
1,B,1960,0.0,1701,34182,35964,32048,37725,0.0,39485,41730,0.0,43473,45051,46747,0.0
1,C,3661,1701,0.0,32481,34263,30348,36024,0.0,37784,40029,0.0,41773,43350,45046,0.0
1,D,36142,34182,32481,0.0,1782,2133,3544,0.0,5303,7549,0.0,9292,10870,12566,0.0
1,E,37924,35964,34263,1782,0.0,3916,1761,0.0,3521,5766,0.0,7509,9087,10783,0.0
1,F,34009,32048,30348,2133,3916,0.0,5677,0.0,7436,9682,0.0,11425,13003,14699,0.0
1,G,39685,37725,36024,3544,1761,5677,0.0,0.0,1760,4005,0.0,5748,7326,9022,0.0
1,H,0.0,0.0,0.0,0.0,0.0,0.0,0.0,0.0,0.0,0.0,0.0,0.0,0.0,0.0,0.0
1,I,41445,39485,37784,5303,3521,7436,1760,0.0,0.0,2245,0.0,3988,5566,7262,0.0
1,J,43690,41730,40029,7549,5766,9682,4005,0.0,2245,0.0,0.0,1743,3321,5017,0.0
1,K,0.0,0.0,0.0,0.0,0.0,0.0,0.0,0.0,0.0,0.0,0.0,0.0,0.0,0.0,0.0
1,L,45434,43473,41773,9292,7509,11425,5748,0.0,3988,1743,0.0,0.0,1578,3274,0.0
1,M,47011,45051,43350,10870,9087,13003,7326,0.0,5566,3321,0.0,1578,0.0,1696,0.0
1,N,48707,46747,45046,12566,10783,14699,9022,0.0,7262,5017,0.0,3274,1696,0.0,0.0
1,O,0.0,0.0,0.0,0.0,0.0,0.0,0.0,0.0,0.0,0.0,0.0,0.0,0.0,0.0,0.0
2,A,0.0,1806,3477,15184,17034,13336,18750,20562,0.0,0.0,0.0,0.0,0.0,0.0,0.0
2,B,1806,0.0,1672,13379,15229,11530,16945,18756,0.0,0.0,0.0,0.0,0.0,0.0,0.0
2,C,3477,1672,0.0,11707,13557,9859,15273,17084,0.0,0.0,0.0,0.0,0.0,0.0,0.0
2,D,15184,13379,11707,0.0,1850,1848,3566,5377,0.0,0.0,0.0,0.0,0.0,0.0,0.0
2,E,17034,15229,13557,1850,0.0,3698,1716,3527,0.0,0.0,0.0,0.0,0.0,0.0,0.0
2,F,13336,11530,9859,1848,3698,0.0,5414,7225,0.0,0.0,0.0,0.0,0.0,0.0,0.0
2,G,18750,16945,15273,3566,1716,5414,0.0,1811,0.0,0.0,0.0,0.0,0.0,0.0,0.0
2,H,20562,18756,17084,5377,3527,7225,1811,0.0,0.0,0.0,0.0,0.0,0.0,0.0,0.0
2,I,0.0,0.0,0.0,0.0,0.0,0.0,0.0,0.0,0.0,0.0,0.0,0.0,0.0,0.0,0.0
2,J,0.0,0.0,0.0,0.0,0.0,0.0,0.0,0.0,0.0,0.0,0.0,0.0,0.0,0.0,0.0
2,K,0.0,0.0,0.0,0.0,0.0,0.0,0.0,0.0,0.0,0.0,0.0,0.0,0.0,0.0,0.0
2,L,0.0,0.0,0.0,0.0,0.0,0.0,0.0,0.0,0.0,0.0,0.0,0.0,0.0,0.0,0.0
2,M,0.0,0.0,0.0,0.0,0.0,0.0,0.0,0.0,0.0,0.0,0.0,0.0,0.0,0.0,0.0
2,N,0.0,0.0,0.0,0.0,0.0,0.0,0.0,0.0,0.0,0.0,0.0,0.0,0.0,0.0,0.0
2,O,0.0,0.0,0.0,0.0,0.0,0.0,0.0,0.0,0.0,0.0,0.0,0.0,0.0,0.0,0.0
3,A,0.0,1742,3486,8293,10329,6702,12254,0.0,14015,16137,0.0,17833,19610,21131,0.0
3,B,1742,0.0,1745,6552,8587,4961,10512,0.0,12273,14396,0.0,16091,17868,19390,0.0
3,C,3486,1745,0.0,4807,6842,3216,8767,0.0,10528,12651,0.0,14347,16124,17645,0.0
3,D,8293,6552,4807,0.0,2035,1591,3960,0.0,5721,7844,0.0,9539,11317,12838,0.0
3,E,10329,8587,6842,2035,0.0,3626,1925,0.0,3686,5809,0.0,7504,9282,10803,0.0
3,F,6702,4961,3216,1591,3626,0.0,5551,0.0,7312,9435,0.0,11130,12908,14429,0.0
3,G,12254,10512,8767,3960,1925,5551,0.0,0.0,1761,3884,0.0,5579,7357,8878,0.0
3,H,0.0,0.0,0.0,0.0,0.0,0.0,0.0,0.0,0.0,0.0,0.0,0.0,0.0,0.0,0.0
3,I,14015,12273,10528,5721,3686,7312,1761,0.0,0.0,2122,0.0,3818,5595,7117,0.0
3,J,16137,14396,12651,7844,5809,9435,3884,0.0,2122,0.0,0.0,1696,3473,4994,0.0
3,K,0.0,0.0,0.0,0.0,0.0,0.0,0.0,0.0,0.0,0.0,0.0,0.0,0.0,0.0,0.0
3,L,17833,16091,14347,9539,7504,11130,5579,0.0,3818,1696,0.0,0.0,1777,3298,0.0
3,M,19610,17868,16124,11317,9282,12908,7357,0.0,5595,3473,0.0,1777,0.0,1521,0.0
3,N,21131,19390,17645,12838,10803,14429,8878,0.0,7117,4994,0.0,3298,1521,0.0,0.0
3,O,0.0,0.0,0.0,0.0,0.0,0.0,0.0,0.0,0.0,0.0,0.0,0.0,0.0,0.0,0.0
4,A,0.0,2258,4087,9580,11325,7608,13267,14888,0.0,0.0,0.0,0.0,0.0,0.0,0.0
4,B,2258,0.0,1830,7323,9067,5350,11010,12630,0.0,0.0,0.0,0.0,0.0,0.0,0.0
4,C,4087,1830,0.0,5493,7237,3521,9180,10800,0.0,0.0,0.0,0.0,0.0,0.0,0.0
4,D,9580,7323,5493,0.0,1744,1972,3687,5307,0.0,0.0,0.0,0.0,0.0,0.0,0.0
4,E,11325,9067,7237,1744,0.0,3717,1943,3563,0.0,0.0,0.0,0.0,0.0,0.0,0.0
4,F,7608,5350,3521,1972,3717,0.0,5659,7280,0.0,0.0,0.0,0.0,0.0,0.0,0.0
4,G,13267,11010,9180,3687,1943,5659,0.0,1620,0.0,0.0,0.0,0.0,0.0,0.0,0.0
4,H,14888,12630,10800,5307,3563,7280,1620,0.0,0.0,0.0,0.0,0.0,0.0,0.0,0.0
4,I,0.0,0.0,0.0,0.0,0.0,0.0,0.0,0.0,0.0,0.0,0.0,0.0,0.0,0.0,0.0
4,J,0.0,0.0,0.0,0.0,0.0,0.0,0.0,0.0,0.0,0.0,0.0,0.0,0.0,0.0,0.0
4,K,0.0,0.0,0.0,0.0,0.0,0.0,0.0,0.0,0.0,0.0,0.0,0.0,0.0,0.0,0.0
4,L,0.0,0.0,0.0,0.0,0.0,0.0,0.0,0.0,0.0,0.0,0.0,0.0,0.0,0.0,0.0
4,M,0.0,0.0,0.0,0.0,0.0,0.0,0.0,0.0,0.0,0.0,0.0,0.0,0.0,0.0,0.0
4,N,0.0,0.0,0.0,0.0,0.0,0.0,0.0,0.0,0.0,0.0,0.0,0.0,0.0,0.0,0.0
4,O,0.0,0.0,0.0,0.0,0.0,0.0,0.0,0.0,0.0,0.0,0.0,0.0,0.0,0.0,0.0
5,A,0.0,1667,3626,9195,11187,7260,13035,14732,0.0,0.0,0.0,0.0,0.0,0.0,0.0
5,B,1667,0.0,1960,7528,9521,5593,11368,13065,0.0,0.0,0.0,0.0,0.0,0.0,0.0
5,C,3626,1960,0.0,5569,7561,3634,9408,11105,0.0,0.0,0.0,0.0,0.0,0.0,0.0
5,D,9195,7528,5569,0.0,1993,1935,3840,5537,0.0,0.0,0.0,0.0,0.0,0.0,0.0
5,E,11187,9521,7561,1993,0.0,3927,1847,3544,0.0,0.0,0.0,0.0,0.0,0.0,0.0
5,F,7260,5593,3634,1935,3927,0.0,5775,7471,0.0,0.0,0.0,0.0,0.0,0.0,0.0
5,G,13035,11368,9408,3840,1847,5775,0.0,1697,0.0,0.0,0.0,0.0,0.0,0.0,0.0
5,H,14732,13065,11105,5537,3544,7471,1697,0.0,0.0,0.0,0.0,0.0,0.0,0.0,0.0
5,I,0.0,0.0,0.0,0.0,0.0,0.0,0.0,0.0,0.0,0.0,0.0,0.0,0.0,0.0,0.0
5,J,0.0,0.0,0.0,0.0,0.0,0.0,0.0,0.0,0.0,0.0,0.0,0.0,0.0,0.0,0.0
5,K,0.0,0.0,0.0,0.0,0.0,0.0,0.0,0.0,0.0,0.0,0.0,0.0,0.0,0.0,0.0
5,L,0.0,0.0,0.0,0.0,0.0,0.0,0.0,0.0,0.0,0.0,0.0,0.0,0.0,0.0,0.0
5,M,0.0,0.0,0.0,0.0,0.0,0.0,0.0,0.0,0.0,0.0,0.0,0.0,0.0,0.0,0.0
5,N,0.0,0.0,0.0,0.0,0.0,0.0,0.0,0.0,0.0,0.0,0.0,0.0,0.0,0.0,0.0
5,O,0.0,0.0,0.0,0.0,0.0,0.0,0.0,0.0,0.0,0.0,0.0,0.0,0.0,0.0,0.0
6,A,0.0,0.0,0.0,3669,5388,1743,6853,0.0,8764,10487,11979,0.0,13673,15256,0.0
6,B,0.0,0.0,0.0,0.0,0.0,0.0,0.0,0.0,0.0,0.0,0.0,0.0,0.0,0.0,0.0
6,C,0.0,0.0,0.0,0.0,0.0,0.0,0.0,0.0,0.0,0.0,0.0,0.0,0.0,0.0,0.0
6,D,3669,0.0,0.0,0.0,1719,1926,3184,0.0,5095,6818,8310,0.0,10005,11588,0.0
6,E,5388,0.0,0.0,1719,0.0,3645,1465,0.0,3376,5099,6591,0.0,8285,9868,0.0
6,F,1743,0.0,0.0,1926,3645,0.0,5110,0.0,7020,8743,10236,0.0,11930,13513,0.0
6,G,6853,0.0,0.0,3184,1465,5110,0.0,0.0,1910,3633,5126,0.0,6820,8403,0.0
6,H,0.0,0.0,0.0,0.0,0.0,0.0,0.0,0.0,0.0,0.0,0.0,0.0,0.0,0.0,0.0
6,I,8764,0.0,0.0,5095,3376,7020,1910,0.0,0.0,1723,3216,0.0,4910,6493,0.0
6,J,10487,0.0,0.0,6818,5099,8743,3633,0.0,1723,0.0,1492,0.0,3187,4770,0.0
6,K,11979,0.0,0.0,8310,6591,10236,5126,0.0,3216,1492,0.0,0.0,1694,3277,0.0
6,L,0.0,0.0,0.0,0.0,0.0,0.0,0.0,0.0,0.0,0.0,0.0,0.0,0.0,0.0,0.0
6,M,13673,0.0,0.0,10005,8285,11930,6820,0.0,4910,3187,1694,0.0,0.0,1583,0.0
6,N,15256,0.0,0.0,11588,9868,13513,8403,0.0,6493,4770,3277,0.0,1583,0.0,0.0
6,O,0.0,0.0,0.0,0.0,0.0,0.0,0.0,0.0,0.0,0.0,0.0,0.0,0.0,0.0,0.0
7,A,0.0,0.0,0.0,3349,5015,1714,6954,0.0,8788,10685,0.0,12838,14672,16345,0.0
7,B,0.0,0.0,0.0,0.0,0.0,0.0,0.0,0.0,0.0,0.0,0.0,0.0,0.0,0.0,0.0
7,C,0.0,0.0,0.0,0.0,0.0,0.0,0.0,0.0,0.0,0.0,0.0,0.0,0.0,0.0,0.0
7,D,3349,0.0,0.0,0.0,1666,1635,3605,0.0,5440,7337,0.0,9490,11324,12996,0.0
7,E,5015,0.0,0.0,1666,0.0,3301,1939,0.0,3773,5670,0.0,7823,9657,11330,0.0
7,F,1714,0.0,0.0,1635,3301,0.0,5240,0.0,7075,8972,0.0,11125,12959,14631,0.0
7,G,6954,0.0,0.0,3605,1939,5240,0.0,0.0,1834,3732,0.0,5884,7719,9391,0.0
7,H,0.0,0.0,0.0,0.0,0.0,0.0,0.0,0.0,0.0,0.0,0.0,0.0,0.0,0.0,0.0
7,I,8788,0.0,0.0,5440,3773,7075,1834,0.0,0.0,1897,0.0,4050,5884,7557,0.0
7,J,10685,0.0,0.0,7337,5670,8972,3732,0.0,1897,0.0,0.0,2153,3987,5660,0.0
7,K,0.0,0.0,0.0,0.0,0.0,0.0,0.0,0.0,0.0,0.0,0.0,0.0,0.0,0.0,0.0
7,L,12838,0.0,0.0,9490,7823,11125,5884,0.0,4050,2153,0.0,0.0,1834,3507,0.0
7,M,14672,0.0,0.0,11324,9657,12959,7719,0.0,5884,3987,0.0,1834,0.0,1672,0.0
7,N,16345,0.0,0.0,12996,11330,14631,9391,0.0,7557,5660,0.0,3507,1672,0.0,0.0
7,O,0.0,0.0,0.0,0.0,0.0,0.0,0.0,0.0,0.0,0.0,0.0,0.0,0.0,0.0,0.0
8,A,0.0,0.0,0.0,3535,5587,1728,7347,0.0,9334,11164,0.0,12886,14841,0.0,16615
8,B,0.0,0.0,0.0,0.0,0.0,0.0,0.0,0.0,0.0,0.0,0.0,0.0,0.0,0.0,0.0
8,C,0.0,0.0,0.0,0.0,0.0,0.0,0.0,0.0,0.0,0.0,0.0,0.0,0.0,0.0,0.0
8,D,3535,0.0,0.0,0.0,2052,1807,3812,0.0,5799,7629,0.0,9351,11305,0.0,13079
8,E,5587,0.0,0.0,2052,0.0,3859,1760,0.0,3747,5577,0.0,7299,9253,0.0,11027
8,F,1728,0.0,0.0,1807,3859,0.0,5619,0.0,7606,9436,0.0,11158,13113,0.0,14887
8,G,7347,0.0,0.0,3812,1760,5619,0.0,0.0,1987,3817,0.0,5539,7493,0.0,9267
8,H,0.0,0.0,0.0,0.0,0.0,0.0,0.0,0.0,0.0,0.0,0.0,0.0,0.0,0.0,0.0
8,I,9334,0.0,0.0,5799,3747,7606,1987,0.0,0.0,1830,0.0,3552,5507,0.0,7281
8,J,11164,0.0,0.0,7629,5577,9436,3817,0.0,1830,0.0,0.0,1722,3676,0.0,5450
8,K,0.0,0.0,0.0,0.0,0.0,0.0,0.0,0.0,0.0,0.0,0.0,0.0,0.0,0.0,0.0
8,L,12886,0.0,0.0,9351,7299,11158,5539,0.0,3552,1722,0.0,0.0,1955,0.0,3729
8,M,14841,0.0,0.0,11305,9253,13113,7493,0.0,5507,3676,0.0,1955,0.0,0.0,1774
8,N,0.0,0.0,0.0,0.0,0.0,0.0,0.0,0.0,0.0,0.0,0.0,0.0,0.0,0.0,0.0
8,O,16615,0.0,0.0,13079,11027,14887,9267,0.0,7281,5450,0.0,3729,1774,0.0,0.0
9,A,0.0,0.0,0.0,3866,5635,1960,7422,0.0,9189,10671,0.0,12163,13792,0.0,15527
9,B,0.0,0.0,0.0,0.0,0.0,0.0,0.0,0.0,0.0,0.0,0.0,0.0,0.0,0.0,0.0
9,C,0.0,0.0,0.0,0.0,0.0,0.0,0.0,0.0,0.0,0.0,0.0,0.0,0.0,0.0,0.0
9,D,3866,0.0,0.0,0.0,1769,1905,3556,0.0,5323,6805,0.0,8297,9926,0.0,11661
9,E,5635,0.0,0.0,1769,0.0,3675,1787,0.0,3554,5036,0.0,6527,8157,0.0,9892
9,F,1960,0.0,0.0,1905,3675,0.0,5462,0.0,7229,8711,0.0,10202,11832,0.0,13566
9,G,7422,0.0,0.0,3556,1787,5462,0.0,0.0,1767,3249,0.0,4741,6370,0.0,8105
9,H,0.0,0.0,0.0,0.0,0.0,0.0,0.0,0.0,0.0,0.0,0.0,0.0,0.0,0.0,0.0
9,I,9189,0.0,0.0,5323,3554,7229,1767,0.0,0.0,1482,0.0,2974,4603,0.0,6338
9,J,10671,0.0,0.0,6805,5036,8711,3249,0.0,1482,0.0,0.0,1492,3121,0.0,4856
9,K,0.0,0.0,0.0,0.0,0.0,0.0,0.0,0.0,0.0,0.0,0.0,0.0,0.0,0.0,0.0
9,L,12163,0.0,0.0,8297,6527,10202,4741,0.0,2974,1492,0.0,0.0,1630,0.0,3364
9,M,13792,0.0,0.0,9926,8157,11832,6370,0.0,4603,3121,0.0,1630,0.0,0.0,1735
9,N,0.0,0.0,0.0,0.0,0.0,0.0,0.0,0.0,0.0,0.0,0.0,0.0,0.0,0.0,0.0
9,O,15527,0.0,0.0,11661,9892,13566,8105,0.0,6338,4856,0.0,3364,1735,0.0,0.0
10,A,0.0,0.0,0.0,3600,5456,1962,7164,8762,0.0,0.0,0.0,0.0,0.0,0.0,0.0
10,B,0.0,0.0,0.0,0.0,0.0,0.0,0.0,0.0,0.0,0.0,0.0,0.0,0.0,0.0,0.0
10,C,0.0,0.0,0.0,0.0,0.0,0.0,0.0,0.0,0.0,0.0,0.0,0.0,0.0,0.0,0.0
10,D,3600,0.0,0.0,0.0,1856,1638,3564,5162,0.0,0.0,0.0,0.0,0.0,0.0,0.0
10,E,5456,0.0,0.0,1856,0.0,3494,1708,3306,0.0,0.0,0.0,0.0,0.0,0.0,0.0
10,F,1962,0.0,0.0,1638,3494,0.0,5202,6800,0.0,0.0,0.0,0.0,0.0,0.0,0.0
10,G,7164,0.0,0.0,3564,1708,5202,0.0,1598,0.0,0.0,0.0,0.0,0.0,0.0,0.0
10,H,8762,0.0,0.0,5162,3306,6800,1598,0.0,0.0,0.0,0.0,0.0,0.0,0.0,0.0
10,I,0.0,0.0,0.0,0.0,0.0,0.0,0.0,0.0,0.0,0.0,0.0,0.0,0.0,0.0,0.0
10,J,0.0,0.0,0.0,0.0,0.0,0.0,0.0,0.0,0.0,0.0,0.0,0.0,0.0,0.0,0.0
10,K,0.0,0.0,0.0,0.0,0.0,0.0,0.0,0.0,0.0,0.0,0.0,0.0,0.0,0.0,0.0
10,L,0.0,0.0,0.0,0.0,0.0,0.0,0.0,0.0,0.0,0.0,0.0,0.0,0.0,0.0,0.0
10,M,0.0,0.0,0.0,0.0,0.0,0.0,0.0,0.0,0.0,0.0,0.0,0.0,0.0,0.0,0.0
10,N,0.0,0.0,0.0,0.0,0.0,0.0,0.0,0.0,0.0,0.0,0.0,0.0,0.0,0.0,0.0
10,O,0.0,0.0,0.0,0.0,0.0,0.0,0.0,0.0,0.0,0.0,0.0,0.0,0.0,0.0,0.0
11,A,0.0,1763,3632,8966,10785,7185,12897,14909,0.0,0.0,0.0,0.0,0.0,0.0,0.0
11,B,1763,0.0,1869,7203,9022,5423,11134,13146,0.0,0.0,0.0,0.0,0.0,0.0,0.0
11,C,3632,1869,0.0,5334,7153,3554,9265,11277,0.0,0.0,0.0,0.0,0.0,0.0,0.0
11,D,8966,7203,5334,0.0,1818,1781,3931,5943,0.0,0.0,0.0,0.0,0.0,0.0,0.0
11,E,10785,9022,7153,1818,0.0,3599,2113,4124,0.0,0.0,0.0,0.0,0.0,0.0,0.0
11,F,7185,5423,3554,1781,3599,0.0,5712,7723,0.0,0.0,0.0,0.0,0.0,0.0,0.0
11,G,12897,11134,9265,3931,2113,5712,0.0,2012,0.0,0.0,0.0,0.0,0.0,0.0,0.0
11,H,14909,13146,11277,5943,4124,7723,2012,0.0,0.0,0.0,0.0,0.0,0.0,0.0,0.0
11,I,0.0,0.0,0.0,0.0,0.0,0.0,0.0,0.0,0.0,0.0,0.0,0.0,0.0,0.0,0.0
11,J,0.0,0.0,0.0,0.0,0.0,0.0,0.0,0.0,0.0,0.0,0.0,0.0,0.0,0.0,0.0
11,K,0.0,0.0,0.0,0.0,0.0,0.0,0.0,0.0,0.0,0.0,0.0,0.0,0.0,0.0,0.0
11,L,0.0,0.0,0.0,0.0,0.0,0.0,0.0,0.0,0.0,0.0,0.0,0.0,0.0,0.0,0.0
11,M,0.0,0.0,0.0,0.0,0.0,0.0,0.0,0.0,0.0,0.0,0.0,0.0,0.0,0.0,0.0
11,N,0.0,0.0,0.0,0.0,0.0,0.0,0.0,0.0,0.0,0.0,0.0,0.0,0.0,0.0,0.0
11,O,0.0,0.0,0.0,0.0,0.0,0.0,0.0,0.0,0.0,0.0,0.0,0.0,0.0,0.0,0.0
12,A,0.0,0.0,0.0,3542,5131,1670,6826,8823,0.0,0.0,0.0,0.0,0.0,0.0,0.0
12,B,0.0,0.0,0.0,0.0,0.0,0.0,0.0,0.0,0.0,0.0,0.0,0.0,0.0,0.0,0.0
12,C,0.0,0.0,0.0,0.0,0.0,0.0,0.0,0.0,0.0,0.0,0.0,0.0,0.0,0.0,0.0
12,D,3542,0.0,0.0,0.0,1589,1872,3285,5281,0.0,0.0,0.0,0.0,0.0,0.0,0.0
12,E,5131,0.0,0.0,1589,0.0,3460,1696,3692,0.0,0.0,0.0,0.0,0.0,0.0,0.0
12,F,1670,0.0,0.0,1872,3460,0.0,5156,7153,0.0,0.0,0.0,0.0,0.0,0.0,0.0
12,G,6826,0.0,0.0,3285,1696,5156,0.0,1997,0.0,0.0,0.0,0.0,0.0,0.0,0.0
12,H,8823,0.0,0.0,5281,3692,7153,1997,0.0,0.0,0.0,0.0,0.0,0.0,0.0,0.0
12,I,0.0,0.0,0.0,0.0,0.0,0.0,0.0,0.0,0.0,0.0,0.0,0.0,0.0,0.0,0.0
12,J,0.0,0.0,0.0,0.0,0.0,0.0,0.0,0.0,0.0,0.0,0.0,0.0,0.0,0.0,0.0
12,K,0.0,0.0,0.0,0.0,0.0,0.0,0.0,0.0,0.0,0.0,0.0,0.0,0.0,0.0,0.0
12,L,0.0,0.0,0.0,0.0,0.0,0.0,0.0,0.0,0.0,0.0,0.0,0.0,0.0,0.0,0.0
12,M,0.0,0.0,0.0,0.0,0.0,0.0,0.0,0.0,0.0,0.0,0.0,0.0,0.0,0.0,0.0
12,N,0.0,0.0,0.0,0.0,0.0,0.0,0.0,0.0,0.0,0.0,0.0,0.0,0.0,0.0,0.0
12,O,0.0,0.0,0.0,0.0,0.0,0.0,0.0,0.0,0.0,0.0,0.0,0.0,0.0,0.0,0.0
13,A,0.0,0.0,0.0,3702,5738,1882,7564,0.0,9329,11042,0.0,12681,14613,16445,0.0
13,B,0.0,0.0,0.0,0.0,0.0,0.0,0.0,0.0,0.0,0.0,0.0,0.0,0.0,0.0,0.0
13,C,0.0,0.0,0.0,0.0,0.0,0.0,0.0,0.0,0.0,0.0,0.0,0.0,0.0,0.0,0.0
13,D,3702,0.0,0.0,0.0,2037,1820,3863,0.0,5627,7340,0.0,8980,10912,12743,0.0
13,E,5738,0.0,0.0,2037,0.0,3856,1826,0.0,3591,5304,0.0,6943,8875,10706,0.0
13,F,1882,0.0,0.0,1820,3856,0.0,5682,0.0,7447,9160,0.0,10799,12731,14563,0.0
13,G,7564,0.0,0.0,3863,1826,5682,0.0,0.0,1765,3478,0.0,5117,7049,8880,0.0
13,H,0.0,0.0,0.0,0.0,0.0,0.0,0.0,0.0,0.0,0.0,0.0,0.0,0.0,0.0,0.0
13,I,9329,0.0,0.0,5627,3591,7447,1765,0.0,0.0,1713,0.0,3352,5285,7116,0.0
13,J,11042,0.0,0.0,7340,5304,9160,3478,0.0,1713,0.0,0.0,1639,3571,5403,0.0
13,K,0.0,0.0,0.0,0.0,0.0,0.0,0.0,0.0,0.0,0.0,0.0,0.0,0.0,0.0,0.0
13,L,12681,0.0,0.0,8980,6943,10799,5117,0.0,3352,1639,0.0,0.0,1932,3763,0.0
13,M,14613,0.0,0.0,10912,8875,12731,7049,0.0,5285,3571,0.0,1932,0.0,1831,0.0
13,N,16445,0.0,0.0,12743,10706,14563,8880,0.0,7116,5403,0.0,3763,1831,0.0,0.0
13,O,0.0,0.0,0.0,0.0,0.0,0.0,0.0,0.0,0.0,0.0,0.0,0.0,0.0,0.0,0.0
14,A,0.0,0.0,0.0,3993,5638,2251,7600,0.0,9768,11471,13281,0.0,15318,17161,0.0
14,B,0.0,0.0,0.0,0.0,0.0,0.0,0.0,0.0,0.0,0.0,0.0,0.0,0.0,0.0,0.0
14,C,0.0,0.0,0.0,0.0,0.0,0.0,0.0,0.0,0.0,0.0,0.0,0.0,0.0,0.0,0.0
14,D,3993,0.0,0.0,0.0,1645,1742,3607,0.0,5776,7478,9288,0.0,11325,13168,0.0
14,E,5638,0.0,0.0,1645,0.0,3387,1962,0.0,4130,5833,7643,0.0,9680,11523,0.0
14,F,2251,0.0,0.0,1742,3387,0.0,5349,0.0,7517,9220,11030,0.0,13067,14910,0.0
14,G,7600,0.0,0.0,3607,1962,5349,0.0,0.0,2168,3871,5681,0.0,7718,9561,0.0
14,H,0.0,0.0,0.0,0.0,0.0,0.0,0.0,0.0,0.0,0.0,0.0,0.0,0.0,0.0,0.0
14,I,9768,0.0,0.0,5776,4130,7517,2168,0.0,0.0,1703,3512,0.0,5550,7393,0.0
14,J,11471,0.0,0.0,7478,5833,9220,3871,0.0,1703,0.0,1810,0.0,3847,5690,0.0
14,K,13281,0.0,0.0,9288,7643,11030,5681,0.0,3512,1810,0.0,0.0,2037,3880,0.0
14,L,0.0,0.0,0.0,0.0,0.0,0.0,0.0,0.0,0.0,0.0,0.0,0.0,0.0,0.0,0.0
14,M,15318,0.0,0.0,11325,9680,13067,7718,0.0,5550,3847,2037,0.0,0.0,1843,0.0
14,N,17161,0.0,0.0,13168,11523,14910,9561,0.0,7393,5690,3880,0.0,1843,0.0,0.0
14,O,0.0,0.0,0.0,0.0,0.0,0.0,0.0,0.0,0.0,0.0,0.0,0.0,0.0,0.0,0.0
15,A,0.0,1538,3327,19103,20761,17155,22805,0.0,24653,26319,0.0,28153,30219,0.0,31615
15,B,1538,0.0,1790,17566,19224,15618,21268,0.0,23116,24782,0.0,26616,28682,0.0,30078
15,C,3327,1790,0.0,15776,17434,13828,19478,0.0,21326,22992,0.0,24826,26892,0.0,28288
15,D,19103,17566,15776,0.0,1658,1948,3702,0.0,5550,7216,0.0,9050,11116,0.0,12512
15,E,20761,19224,17434,1658,0.0,3606,2044,0.0,3892,5558,0.0,7392,9458,0.0,10854
15,F,17155,15618,13828,1948,3606,0.0,5650,0.0,7498,9164,0.0,10998,13064,0.0,14460
15,G,22805,21268,19478,3702,2044,5650,0.0,0.0,1848,3514,0.0,5348,7414,0.0,8810
15,H,0.0,0.0,0.0,0.0,0.0,0.0,0.0,0.0,0.0,0.0,0.0,0.0,0.0,0.0,0.0
15,I,24653,23116,21326,5550,3892,7498,1848,0.0,0.0,1666,0.0,3500,5566,0.0,6962
15,J,26319,24782,22992,7216,5558,9164,3514,0.0,1666,0.0,0.0,1834,3900,0.0,5296
15,K,0.0,0.0,0.0,0.0,0.0,0.0,0.0,0.0,0.0,0.0,0.0,0.0,0.0,0.0,0.0
15,L,28153,26616,24826,9050,7392,10998,5348,0.0,3500,1834,0.0,0.0,2066,0.0,3462
15,M,30219,28682,26892,11116,9458,13064,7414,0.0,5566,3900,0.0,2066,0.0,0.0,1396
15,N,0.0,0.0,0.0,0.0,0.0,0.0,0.0,0.0,0.0,0.0,0.0,0.0,0.0,0.0,0.0
15,O,31615,30078,28288,12512,10854,14460,8810,0.0,6962,5296,0.0,3462,1396,0.0,0.0
16,A,0.0,0.0,0.0,3312,5068,1802,6894,0.0,8656,10646,12655,0.0,14672,16692,0.0
16,B,0.0,0.0,0.0,0.0,0.0,0.0,0.0,0.0,0.0,0.0,0.0,0.0,0.0,0.0,0.0
16,C,0.0,0.0,0.0,0.0,0.0,0.0,0.0,0.0,0.0,0.0,0.0,0.0,0.0,0.0,0.0
16,D,3312,0.0,0.0,0.0,1756,1510,3582,0.0,5344,7333,9343,0.0,11360,13380,0.0
16,E,5068,0.0,0.0,1756,0.0,3266,1827,0.0,3588,5578,7588,0.0,9605,11624,0.0
16,F,1802,0.0,0.0,1510,3266,0.0,5092,0.0,6854,8844,10853,0.0,12870,14890,0.0
16,G,6894,0.0,0.0,3582,1827,5092,0.0,0.0,1762,3751,5761,0.0,7778,9797,0.0
16,H,0.0,0.0,0.0,0.0,0.0,0.0,0.0,0.0,0.0,0.0,0.0,0.0,0.0,0.0,0.0
16,I,8656,0.0,0.0,5344,3588,6854,1762,0.0,0.0,1990,3999,0.0,6016,8036,0.0
16,J,10646,0.0,0.0,7333,5578,8844,3751,0.0,1990,0.0,2010,0.0,4027,6046,0.0
16,K,12655,0.0,0.0,9343,7588,10853,5761,0.0,3999,2010,0.0,0.0,2017,4037,0.0
16,L,0.0,0.0,0.0,0.0,0.0,0.0,0.0,0.0,0.0,0.0,0.0,0.0,0.0,0.0,0.0
16,M,14672,0.0,0.0,11360,9605,12870,7778,0.0,6016,4027,2017,0.0,0.0,2019,0.0
16,N,16692,0.0,0.0,13380,11624,14890,9797,0.0,8036,6046,4037,0.0,2019,0.0,0.0
16,O,0.0,0.0,0.0,0.0,0.0,0.0,0.0,0.0,0.0,0.0,0.0,0.0,0.0,0.0,0.0
17,A,0.0,0.0,0.0,3681,5537,1926,7352,0.0,9032,10915,12565,0.0,14145,0.0,15901
17,B,0.0,0.0,0.0,0.0,0.0,0.0,0.0,0.0,0.0,0.0,0.0,0.0,0.0,0.0,0.0
17,C,0.0,0.0,0.0,0.0,0.0,0.0,0.0,0.0,0.0,0.0,0.0,0.0,0.0,0.0,0.0
17,D,3681,0.0,0.0,0.0,1856,1755,3671,0.0,5351,7235,8884,0.0,10464,0.0,12220
17,E,5537,0.0,0.0,1856,0.0,3611,1815,0.0,3495,5379,7028,0.0,8608,0.0,10364
17,F,1926,0.0,0.0,1755,3611,0.0,5426,0.0,7106,8989,10639,0.0,12219,0.0,13975
17,G,7352,0.0,0.0,3671,1815,5426,0.0,0.0,1680,3563,5213,0.0,6792,0.0,8548
17,H,0.0,0.0,0.0,0.0,0.0,0.0,0.0,0.0,0.0,0.0,0.0,0.0,0.0,0.0,0.0
17,I,9032,0.0,0.0,5351,3495,7106,1680,0.0,0.0,1884,3533,0.0,5113,0.0,6869
17,J,10915,0.0,0.0,7235,5379,8989,3563,0.0,1884,0.0,1650,0.0,3229,0.0,4985
17,K,12565,0.0,0.0,8884,7028,10639,5213,0.0,3533,1650,0.0,0.0,1580,0.0,3335
17,L,0.0,0.0,0.0,0.0,0.0,0.0,0.0,0.0,0.0,0.0,0.0,0.0,0.0,0.0,0.0
17,M,14145,0.0,0.0,10464,8608,12219,6792,0.0,5113,3229,1580,0.0,0.0,0.0,1756
17,N,0.0,0.0,0.0,0.0,0.0,0.0,0.0,0.0,0.0,0.0,0.0,0.0,0.0,0.0,0.0
17,O,15901,0.0,0.0,12220,10364,13975,8548,0.0,6869,4985,3335,0.0,1756,0.0,0.0
18,A,0.0,1764,3376,9012,10679,7208,12407,14091,0.0,0.0,0.0,0.0,0.0,0.0,0.0
18,B,1764,0.0,1612,7248,8916,5444,10643,12327,0.0,0.0,0.0,0.0,0.0,0.0,0.0
18,C,3376,1612,0.0,5636,7304,3832,9031,10715,0.0,0.0,0.0,0.0,0.0,0.0,0.0
18,D,9012,7248,5636,0.0,1667,1804,3395,5079,0.0,0.0,0.0,0.0,0.0,0.0,0.0
18,E,10679,8916,7304,1667,0.0,3472,1728,3411,0.0,0.0,0.0,0.0,0.0,0.0,0.0
18,F,7208,5444,3832,1804,3472,0.0,5199,6883,0.0,0.0,0.0,0.0,0.0,0.0,0.0
18,G,12407,10643,9031,3395,1728,5199,0.0,1684,0.0,0.0,0.0,0.0,0.0,0.0,0.0
18,H,14091,12327,10715,5079,3411,6883,1684,0.0,0.0,0.0,0.0,0.0,0.0,0.0,0.0
18,I,0.0,0.0,0.0,0.0,0.0,0.0,0.0,0.0,0.0,0.0,0.0,0.0,0.0,0.0,0.0
18,J,0.0,0.0,0.0,0.0,0.0,0.0,0.0,0.0,0.0,0.0,0.0,0.0,0.0,0.0,0.0
18,K,0.0,0.0,0.0,0.0,0.0,0.0,0.0,0.0,0.0,0.0,0.0,0.0,0.0,0.0,0.0
18,L,0.0,0.0,0.0,0.0,0.0,0.0,0.0,0.0,0.0,0.0,0.0,0.0,0.0,0.0,0.0
18,M,0.0,0.0,0.0,0.0,0.0,0.0,0.0,0.0,0.0,0.0,0.0,0.0,0.0,0.0,0.0
18,N,0.0,0.0,0.0,0.0,0.0,0.0,0.0,0.0,0.0,0.0,0.0,0.0,0.0,0.0,0.0
18,O,0.0,0.0,0.0,0.0,0.0,0.0,0.0,0.0,0.0,0.0,0.0,0.0,0.0,0.0,0.0
19,A,0.0,0.0,0.0,3898,5934,2080,7574,9127,0.0,0.0,0.0,0.0,0.0,0.0,0.0
19,B,0.0,0.0,0.0,0.0,0.0,0.0,0.0,0.0,0.0,0.0,0.0,0.0,0.0,0.0,0.0
19,C,0.0,0.0,0.0,0.0,0.0,0.0,0.0,0.0,0.0,0.0,0.0,0.0,0.0,0.0,0.0
19,D,3898,0.0,0.0,0.0,2036,1818,3676,5230,0.0,0.0,0.0,0.0,0.0,0.0,0.0
19,E,5934,0.0,0.0,2036,0.0,3854,1640,3194,0.0,0.0,0.0,0.0,0.0,0.0,0.0
19,F,2080,0.0,0.0,1818,3854,0.0,5494,7047,0.0,0.0,0.0,0.0,0.0,0.0,0.0
19,G,7574,0.0,0.0,3676,1640,5494,0.0,1553,0.0,0.0,0.0,0.0,0.0,0.0,0.0
19,H,9127,0.0,0.0,5230,3194,7047,1553,0.0,0.0,0.0,0.0,0.0,0.0,0.0,0.0
19,I,0.0,0.0,0.0,0.0,0.0,0.0,0.0,0.0,0.0,0.0,0.0,0.0,0.0,0.0,0.0
19,J,0.0,0.0,0.0,0.0,0.0,0.0,0.0,0.0,0.0,0.0,0.0,0.0,0.0,0.0,0.0
19,K,0.0,0.0,0.0,0.0,0.0,0.0,0.0,0.0,0.0,0.0,0.0,0.0,0.0,0.0,0.0
19,L,0.0,0.0,0.0,0.0,0.0,0.0,0.0,0.0,0.0,0.0,0.0,0.0,0.0,0.0,0.0
19,M,0.0,0.0,0.0,0.0,0.0,0.0,0.0,0.0,0.0,0.0,0.0,0.0,0.0,0.0,0.0
19,N,0.0,0.0,0.0,0.0,0.0,0.0,0.0,0.0,0.0,0.0,0.0,0.0,0.0,0.0,0.0
19,O,0.0,0.0,0.0,0.0,0.0,0.0,0.0,0.0,0.0,0.0,0.0,0.0,0.0,0.0,0.0
20,A,0.0,2075,4054,9377,11016,7536,12674,0.0,14403,16512,18163,0.0,20201,21898,0.0
20,B,2075,0.0,1979,7301,8940,5461,10599,0.0,12327,14437,16087,0.0,18126,19822,0.0
20,C,4054,1979,0.0,5322,6961,3482,8620,0.0,10349,12458,14108,0.0,16147,17844,0.0
20,D,9377,7301,5322,0.0,1639,1840,3298,0.0,5026,7135,8786,0.0,10825,12521,0.0
20,E,11016,8940,6961,1639,0.0,3479,1659,0.0,3387,5496,7147,0.0,9186,10882,0.0
20,F,7536,5461,3482,1840,3479,0.0,5138,0.0,6866,8976,10626,0.0,12665,14361,0.0
20,G,12674,10599,8620,3298,1659,5138,0.0,0.0,1728,3838,5488,0.0,7527,9223,0.0
20,H,0.0,0.0,0.0,0.0,0.0,0.0,0.0,0.0,0.0,0.0,0.0,0.0,0.0,0.0,0.0
20,I,14403,12327,10349,5026,3387,6866,1728,0.0,0.0,2109,3760,0.0,5799,7495,0.0
20,J,16512,14437,12458,7135,5496,8976,3838,0.0,2109,0.0,1651,0.0,3689,5386,0.0
20,K,18163,16087,14108,8786,7147,10626,5488,0.0,3760,1651,0.0,0.0,2039,3735,0.0
20,L,0.0,0.0,0.0,0.0,0.0,0.0,0.0,0.0,0.0,0.0,0.0,0.0,0.0,0.0,0.0
20,M,20201,18126,16147,10825,9186,12665,7527,0.0,5799,3689,2039,0.0,0.0,1696,0.0
20,N,21898,19822,17844,12521,10882,14361,9223,0.0,7495,5386,3735,0.0,1696,0.0,0.0
20,O,0.0,0.0,0.0,0.0,0.0,0.0,0.0,0.0,0.0,0.0,0.0,0.0,0.0,0.0,0.0
21,A,0.0,0.0,0.0,3477,4986,1748,6860,8501,0.0,0.0,0.0,0.0,0.0,0.0,0.0
21,B,0.0,0.0,0.0,0.0,0.0,0.0,0.0,0.0,0.0,0.0,0.0,0.0,0.0,0.0,0.0
21,C,0.0,0.0,0.0,0.0,0.0,0.0,0.0,0.0,0.0,0.0,0.0,0.0,0.0,0.0,0.0
21,D,3477,0.0,0.0,0.0,1510,1728,3383,5024,0.0,0.0,0.0,0.0,0.0,0.0,0.0
21,E,4986,0.0,0.0,1510,0.0,3238,1874,3515,0.0,0.0,0.0,0.0,0.0,0.0,0.0
21,F,1748,0.0,0.0,1728,3238,0.0,5111,6753,0.0,0.0,0.0,0.0,0.0,0.0,0.0
21,G,6860,0.0,0.0,3383,1874,5111,0.0,1641,0.0,0.0,0.0,0.0,0.0,0.0,0.0
21,H,8501,0.0,0.0,5024,3515,6753,1641,0.0,0.0,0.0,0.0,0.0,0.0,0.0,0.0
21,I,0.0,0.0,0.0,0.0,0.0,0.0,0.0,0.0,0.0,0.0,0.0,0.0,0.0,0.0,0.0
21,J,0.0,0.0,0.0,0.0,0.0,0.0,0.0,0.0,0.0,0.0,0.0,0.0,0.0,0.0,0.0
21,K,0.0,0.0,0.0,0.0,0.0,0.0,0.0,0.0,0.0,0.0,0.0,0.0,0.0,0.0,0.0
21,L,0.0,0.0,0.0,0.0,0.0,0.0,0.0,0.0,0.0,0.0,0.0,0.0,0.0,0.0,0.0
21,M,0.0,0.0,0.0,0.0,0.0,0.0,0.0,0.0,0.0,0.0,0.0,0.0,0.0,0.0,0.0
21,N,0.0,0.0,0.0,0.0,0.0,0.0,0.0,0.0,0.0,0.0,0.0,0.0,0.0,0.0,0.0
21,O,0.0,0.0,0.0,0.0,0.0,0.0,0.0,0.0,0.0,0.0,0.0,0.0,0.0,0.0,0.0
22,A,0.0,0.0,0.0,4086,6026,2049,7631,9179,0.0,0.0,0.0,0.0,0.0,0.0,0.0
22,B,0.0,0.0,0.0,0.0,0.0,0.0,0.0,0.0,0.0,0.0,0.0,0.0,0.0,0.0,0.0
22,C,0.0,0.0,0.0,0.0,0.0,0.0,0.0,0.0,0.0,0.0,0.0,0.0,0.0,0.0,0.0
22,D,4086,0.0,0.0,0.0,1940,2037,3545,5093,0.0,0.0,0.0,0.0,0.0,0.0,0.0
22,E,6026,0.0,0.0,1940,0.0,3977,1605,3153,0.0,0.0,0.0,0.0,0.0,0.0,0.0
22,F,2049,0.0,0.0,2037,3977,0.0,5582,7130,0.0,0.0,0.0,0.0,0.0,0.0,0.0
22,G,7631,0.0,0.0,3545,1605,5582,0.0,1549,0.0,0.0,0.0,0.0,0.0,0.0,0.0
22,H,9179,0.0,0.0,5093,3153,7130,1549,0.0,0.0,0.0,0.0,0.0,0.0,0.0,0.0
22,I,0.0,0.0,0.0,0.0,0.0,0.0,0.0,0.0,0.0,0.0,0.0,0.0,0.0,0.0,0.0
22,J,0.0,0.0,0.0,0.0,0.0,0.0,0.0,0.0,0.0,0.0,0.0,0.0,0.0,0.0,0.0
22,K,0.0,0.0,0.0,0.0,0.0,0.0,0.0,0.0,0.0,0.0,0.0,0.0,0.0,0.0,0.0
22,L,0.0,0.0,0.0,0.0,0.0,0.0,0.0,0.0,0.0,0.0,0.0,0.0,0.0,0.0,0.0
22,M,0.0,0.0,0.0,0.0,0.0,0.0,0.0,0.0,0.0,0.0,0.0,0.0,0.0,0.0,0.0
22,N,0.0,0.0,0.0,0.0,0.0,0.0,0.0,0.0,0.0,0.0,0.0,0.0,0.0,0.0,0.0
22,O,0.0,0.0,0.0,0.0,0.0,0.0,0.0,0.0,0.0,0.0,0.0,0.0,0.0,0.0,0.0
23,A,0.0,1744,3400,20504,22583,18283,24140,0.0,25954,28054,0.0,29858,31648,33140,0.0
23,B,1744,0.0,1656,18760,20838,16538,22396,0.0,24210,26310,0.0,28114,29904,31396,0.0
23,C,3400,1656,0.0,17104,19182,14882,20740,0.0,22554,24654,0.0,26457,28248,29739,0.0
23,D,20504,18760,17104,0.0,2078,2222,3636,0.0,5450,7550,0.0,9353,11144,12635,0.0
23,E,22583,20838,19182,2078,0.0,4300,1558,0.0,3372,5471,0.0,7275,9066,10557,0.0
23,F,18283,16538,14882,2222,4300,0.0,5858,0.0,7672,9771,0.0,11575,13366,14857,0.0
23,G,24140,22396,20740,3636,1558,5858,0.0,0.0,1814,3914,0.0,5717,7508,8999,0.0
23,H,0.0,0.0,0.0,0.0,0.0,0.0,0.0,0.0,0.0,0.0,0.0,0.0,0.0,0.0,0.0
23,I,25954,24210,22554,5450,3372,7672,1814,0.0,0.0,2100,0.0,3903,5694,7185,0.0
23,J,28054,26310,24654,7550,5471,9771,3914,0.0,2100,0.0,0.0,1804,3594,5086,0.0
23,K,0.0,0.0,0.0,0.0,0.0,0.0,0.0,0.0,0.0,0.0,0.0,0.0,0.0,0.0,0.0
23,L,29858,28114,26457,9353,7275,11575,5717,0.0,3903,1804,0.0,0.0,1791,3282,0.0
23,M,31648,29904,28248,11144,9066,13366,7508,0.0,5694,3594,0.0,1791,0.0,1491,0.0
23,N,33140,31396,29739,12635,10557,14857,8999,0.0,7185,5086,0.0,3282,1491,0.0,0.0
23,O,0.0,0.0,0.0,0.0,0.0,0.0,0.0,0.0,0.0,0.0,0.0,0.0,0.0,0.0,0.0
24,A,0.0,1850,3641,8880,10650,6840,12426,0.0,14687,16223,0.0,17855,19339,0.0,21320
24,B,1850,0.0,1791,7030,8800,4990,10575,0.0,12837,14373,0.0,16004,17489,0.0,19470
24,C,3641,1791,0.0,5239,7009,3199,8785,0.0,11046,12583,0.0,14214,15698,0.0,17679
24,D,8880,7030,5239,0.0,1770,2040,3546,0.0,5807,7343,0.0,8975,10459,0.0,12440
24,E,10650,8800,7009,1770,0.0,3810,1776,0.0,4037,5573,0.0,7205,8689,0.0,10670
24,F,6840,4990,3199,2040,3810,0.0,5586,0.0,7847,9383,0.0,11015,12499,0.0,14480
24,G,12426,10575,8785,3546,1776,5586,0.0,0.0,2261,3798,0.0,5429,6914,0.0,8894
24,H,0.0,0.0,0.0,0.0,0.0,0.0,0.0,0.0,0.0,0.0,0.0,0.0,0.0,0.0,0.0
24,I,14687,12837,11046,5807,4037,7847,2261,0.0,0.0,1536,0.0,3168,4652,0.0,6633
24,J,16223,14373,12583,7343,5573,9383,3798,0.0,1536,0.0,0.0,1631,3116,0.0,5097
24,K,0.0,0.0,0.0,0.0,0.0,0.0,0.0,0.0,0.0,0.0,0.0,0.0,0.0,0.0,0.0
24,L,17855,16004,14214,8975,7205,11015,5429,0.0,3168,1631,0.0,0.0,1485,0.0,3465
24,M,19339,17489,15698,10459,8689,12499,6914,0.0,4652,3116,0.0,1485,0.0,0.0,1981
24,N,0.0,0.0,0.0,0.0,0.0,0.0,0.0,0.0,0.0,0.0,0.0,0.0,0.0,0.0,0.0
24,O,21320,19470,17679,12440,10670,14480,8894,0.0,6633,5097,0.0,3465,1981,0.0,0.0
25,A,0.0,1744,3488,14347,16120,12387,17916,0.0,19865,21383,23223,0.0,24916,0.0,26914
25,B,1744,0.0,1744,12604,14376,10643,16172,0.0,18121,19640,21479,0.0,23173,0.0,25170
25,C,3488,1744,0.0,10859,12632,8899,14428,0.0,16377,17896,19735,0.0,21428,0.0,23426
25,D,14347,12604,10859,0.0,1773,1960,3568,0.0,5517,7036,8875,0.0,10569,0.0,12566
25,E,16120,14376,12632,1773,0.0,3733,1796,0.0,3745,5263,7103,0.0,8796,0.0,10794
25,F,12387,10643,8899,1960,3733,0.0,5529,0.0,7478,8996,10836,0.0,12529,0.0,14527
25,G,17916,16172,14428,3568,1796,5529,0.0,0.0,1949,3468,5307,0.0,7000,0.0,8998
25,H,0.0,0.0,0.0,0.0,0.0,0.0,0.0,0.0,0.0,0.0,0.0,0.0,0.0,0.0,0.0
25,I,19865,18121,16377,5517,3745,7478,1949,0.0,0.0,1519,3358,0.0,5051,0.0,7049
25,J,21383,19640,17896,7036,5263,8996,3468,0.0,1519,0.0,1839,0.0,3533,0.0,5530
25,K,23223,21479,19735,8875,7103,10836,5307,0.0,3358,1839,0.0,0.0,1694,0.0,3691
25,L,0.0,0.0,0.0,0.0,0.0,0.0,0.0,0.0,0.0,0.0,0.0,0.0,0.0,0.0,0.0
25,M,24916,23173,21428,10569,8796,12529,7000,0.0,5051,3533,1694,0.0,0.0,0.0,1998
25,N,0.0,0.0,0.0,0.0,0.0,0.0,0.0,0.0,0.0,0.0,0.0,0.0,0.0,0.0,0.0
25,O,26914,25170,23426,12566,10794,14527,8998,0.0,7049,5530,3691,0.0,1998,0.0,0.0
26,A,0.0,1786,3557,14275,16171,12294,18140,0.0,19952,21814,23388,0.0,25197,0.0,27208
26,B,1786,0.0,1772,12489,14385,10509,16354,0.0,18167,20028,21602,0.0,23412,0.0,25422
26,C,3557,1772,0.0,10718,12613,8737,14582,0.0,16395,18257,19830,0.0,21640,0.0,23651
26,D,14275,12489,10718,0.0,1896,1981,3865,0.0,5677,7539,9113,0.0,10922,0.0,12933
26,E,16171,14385,12613,1896,0.0,3876,1969,0.0,3782,5643,7217,0.0,9027,0.0,11037
26,F,12294,10509,8737,1981,3876,0.0,5845,0.0,7658,9520,11093,0.0,12903,0.0,14914
26,G,18140,16354,14582,3865,1969,5845,0.0,0.0,1813,3674,5248,0.0,7057,0.0,9068
26,H,0.0,0.0,0.0,0.0,0.0,0.0,0.0,0.0,0.0,0.0,0.0,0.0,0.0,0.0,0.0
26,I,19952,18167,16395,5677,3782,7658,1813,0.0,0.0,1861,3435,0.0,5245,0.0,7255
26,J,21814,20028,18257,7539,5643,9520,3674,0.0,1861,0.0,1574,0.0,3383,0.0,5394
26,K,23388,21602,19830,9113,7217,11093,5248,0.0,3435,1574,0.0,0.0,1809,0.0,3820
26,L,0.0,0.0,0.0,0.0,0.0,0.0,0.0,0.0,0.0,0.0,0.0,0.0,0.0,0.0,0.0
26,M,25197,23412,21640,10922,9027,12903,7057,0.0,5245,3383,1809,0.0,0.0,0.0,2011
26,N,0.0,0.0,0.0,0.0,0.0,0.0,0.0,0.0,0.0,0.0,0.0,0.0,0.0,0.0,0.0
26,O,27208,25422,23651,12933,11037,14914,9068,0.0,7255,5394,3820,0.0,2011,0.0,0.0
27,A,0.0,0.0,0.0,3616,5126,1758,6785,8685,0.0,0.0,0.0,0.0,0.0,0.0,0.0
27,B,0.0,0.0,0.0,0.0,0.0,0.0,0.0,0.0,0.0,0.0,0.0,0.0,0.0,0.0,0.0
27,C,0.0,0.0,0.0,0.0,0.0,0.0,0.0,0.0,0.0,0.0,0.0,0.0,0.0,0.0,0.0
27,D,3616,0.0,0.0,0.0,1510,1858,3168,5069,0.0,0.0,0.0,0.0,0.0,0.0,0.0
27,E,5126,0.0,0.0,1510,0.0,3368,1659,3559,0.0,0.0,0.0,0.0,0.0,0.0,0.0
27,F,1758,0.0,0.0,1858,3368,0.0,5027,6927,0.0,0.0,0.0,0.0,0.0,0.0,0.0
27,G,6785,0.0,0.0,3168,1659,5027,0.0,1900,0.0,0.0,0.0,0.0,0.0,0.0,0.0
27,H,8685,0.0,0.0,5069,3559,6927,1900,0.0,0.0,0.0,0.0,0.0,0.0,0.0,0.0
27,I,0.0,0.0,0.0,0.0,0.0,0.0,0.0,0.0,0.0,0.0,0.0,0.0,0.0,0.0,0.0
27,J,0.0,0.0,0.0,0.0,0.0,0.0,0.0,0.0,0.0,0.0,0.0,0.0,0.0,0.0,0.0
27,K,0.0,0.0,0.0,0.0,0.0,0.0,0.0,0.0,0.0,0.0,0.0,0.0,0.0,0.0,0.0
27,L,0.0,0.0,0.0,0.0,0.0,0.0,0.0,0.0,0.0,0.0,0.0,0.0,0.0,0.0,0.0
27,M,0.0,0.0,0.0,0.0,0.0,0.0,0.0,0.0,0.0,0.0,0.0,0.0,0.0,0.0,0.0
27,N,0.0,0.0,0.0,0.0,0.0,0.0,0.0,0.0,0.0,0.0,0.0,0.0,0.0,0.0,0.0
27,O,0.0,0.0,0.0,0.0,0.0,0.0,0.0,0.0,0.0,0.0,0.0,0.0,0.0,0.0,0.0
28,A,0.0,0.0,0.0,3698,5671,1836,7409,8795,0.0,0.0,0.0,0.0,0.0,0.0,0.0
28,B,0.0,0.0,0.0,0.0,0.0,0.0,0.0,0.0,0.0,0.0,0.0,0.0,0.0,0.0,0.0
28,C,0.0,0.0,0.0,0.0,0.0,0.0,0.0,0.0,0.0,0.0,0.0,0.0,0.0,0.0,0.0
28,D,3698,0.0,0.0,0.0,1972,1862,3711,5097,0.0,0.0,0.0,0.0,0.0,0.0,0.0
28,E,5671,0.0,0.0,1972,0.0,3835,1739,3125,0.0,0.0,0.0,0.0,0.0,0.0,0.0
28,F,1836,0.0,0.0,1862,3835,0.0,5574,6960,0.0,0.0,0.0,0.0,0.0,0.0,0.0
28,G,7409,0.0,0.0,3711,1739,5574,0.0,1386,0.0,0.0,0.0,0.0,0.0,0.0,0.0
28,H,8795,0.0,0.0,5097,3125,6960,1386,0.0,0.0,0.0,0.0,0.0,0.0,0.0,0.0
28,I,0.0,0.0,0.0,0.0,0.0,0.0,0.0,0.0,0.0,0.0,0.0,0.0,0.0,0.0,0.0
28,J,0.0,0.0,0.0,0.0,0.0,0.0,0.0,0.0,0.0,0.0,0.0,0.0,0.0,0.0,0.0
28,K,0.0,0.0,0.0,0.0,0.0,0.0,0.0,0.0,0.0,0.0,0.0,0.0,0.0,0.0,0.0
28,L,0.0,0.0,0.0,0.0,0.0,0.0,0.0,0.0,0.0,0.0,0.0,0.0,0.0,0.0,0.0
28,M,0.0,0.0,0.0,0.0,0.0,0.0,0.0,0.0,0.0,0.0,0.0,0.0,0.0,0.0,0.0
28,N,0.0,0.0,0.0,0.0,0.0,0.0,0.0,0.0,0.0,0.0,0.0,0.0,0.0,0.0,0.0
28,O,0.0,0.0,0.0,0.0,0.0,0.0,0.0,0.0,0.0,0.0,0.0,0.0,0.0,0.0,0.0
29,A,0.0,1826,3776,14836,16858,13107,18620,0.0,20340,22304,0.0,23806,25305,27235,0.0
29,B,1826,0.0,1950,13010,15032,11281,16793,0.0,18514,20478,0.0,21980,23479,25409,0.0
29,C,3776,1950,0.0,11060,13082,9331,14843,0.0,16564,18528,0.0,20030,21529,23459,0.0
29,D,14836,13010,11060,0.0,2022,1730,3783,0.0,5504,7468,0.0,8970,10469,12399,0.0
29,E,16858,15032,13082,2022,0.0,3751,1761,0.0,3482,5446,0.0,6948,8447,10377,0.0
29,F,13107,11281,9331,1730,3751,0.0,5513,0.0,7233,9197,0.0,10699,12199,14129,0.0
29,G,18620,16793,14843,3783,1761,5513,0.0,0.0,1721,3684,0.0,5187,6686,8616,0.0
29,H,0.0,0.0,0.0,0.0,0.0,0.0,0.0,0.0,0.0,0.0,0.0,0.0,0.0,0.0,0.0
29,I,20340,18514,16564,5504,3482,7233,1721,0.0,0.0,1964,0.0,3466,4965,6895,0.0
29,J,22304,20478,18528,7468,5446,9197,3684,0.0,1964,0.0,0.0,1502,3001,4931,0.0
29,K,0.0,0.0,0.0,0.0,0.0,0.0,0.0,0.0,0.0,0.0,0.0,0.0,0.0,0.0,0.0
29,L,23806,21980,20030,8970,6948,10699,5187,0.0,3466,1502,0.0,0.0,1499,3429,0.0
29,M,25305,23479,21529,10469,8447,12199,6686,0.0,4965,3001,0.0,1499,0.0,1930,0.0
29,N,27235,25409,23459,12399,10377,14129,8616,0.0,6895,4931,0.0,3429,1930,0.0,0.0
29,O,0.0,0.0,0.0,0.0,0.0,0.0,0.0,0.0,0.0,0.0,0.0,0.0,0.0,0.0,0.0
30,A,0.0,0.0,0.0,3810,5711,1797,7393,0.0,9249,10789,12472,0.0,14442,16165,0.0
30,B,0.0,0.0,0.0,0.0,0.0,0.0,0.0,0.0,0.0,0.0,0.0,0.0,0.0,0.0,0.0
30,C,0.0,0.0,0.0,0.0,0.0,0.0,0.0,0.0,0.0,0.0,0.0,0.0,0.0,0.0,0.0
30,D,3810,0.0,0.0,0.0,1901,2013,3583,0.0,5439,6979,8661,0.0,10632,12355,0.0
30,E,5711,0.0,0.0,1901,0.0,3915,1682,0.0,3537,5078,6760,0.0,8731,10454,0.0
30,F,1797,0.0,0.0,2013,3915,0.0,5597,0.0,7452,8993,10675,0.0,12645,14369,0.0
30,G,7393,0.0,0.0,3583,1682,5597,0.0,0.0,1855,3396,5078,0.0,7049,8772,0.0
30,H,0.0,0.0,0.0,0.0,0.0,0.0,0.0,0.0,0.0,0.0,0.0,0.0,0.0,0.0,0.0
30,I,9249,0.0,0.0,5439,3537,7452,1855,0.0,0.0,1541,3223,0.0,5193,6917,0.0
30,J,10789,0.0,0.0,6979,5078,8993,3396,0.0,1541,0.0,1682,0.0,3653,5376,0.0
30,K,12472,0.0,0.0,8661,6760,10675,5078,0.0,3223,1682,0.0,0.0,1971,3694,0.0
30,L,0.0,0.0,0.0,0.0,0.0,0.0,0.0,0.0,0.0,0.0,0.0,0.0,0.0,0.0,0.0
30,M,14442,0.0,0.0,10632,8731,12645,7049,0.0,5193,3653,1971,0.0,0.0,1723,0.0
30,N,16165,0.0,0.0,12355,10454,14369,8772,0.0,6917,5376,3694,0.0,1723,0.0,0.0
30,O,0.0,0.0,0.0,0.0,0.0,0.0,0.0,0.0,0.0,0.0,0.0,0.0,0.0,0.0,0.0
31,A,0.0,0.0,0.0,3669,5284,1894,7008,8708,0.0,0.0,0.0,0.0,0.0,0.0,0.0
31,B,0.0,0.0,0.0,0.0,0.0,0.0,0.0,0.0,0.0,0.0,0.0,0.0,0.0,0.0,0.0
31,C,0.0,0.0,0.0,0.0,0.0,0.0,0.0,0.0,0.0,0.0,0.0,0.0,0.0,0.0,0.0
31,D,3669,0.0,0.0,0.0,1615,1775,3339,5039,0.0,0.0,0.0,0.0,0.0,0.0,0.0
31,E,5284,0.0,0.0,1615,0.0,3390,1725,3425,0.0,0.0,0.0,0.0,0.0,0.0,0.0
31,F,1894,0.0,0.0,1775,3390,0.0,5114,6814,0.0,0.0,0.0,0.0,0.0,0.0,0.0
31,G,7008,0.0,0.0,3339,1725,5114,0.0,1700,0.0,0.0,0.0,0.0,0.0,0.0,0.0
31,H,8708,0.0,0.0,5039,3425,6814,1700,0.0,0.0,0.0,0.0,0.0,0.0,0.0,0.0
31,I,0.0,0.0,0.0,0.0,0.0,0.0,0.0,0.0,0.0,0.0,0.0,0.0,0.0,0.0,0.0
31,J,0.0,0.0,0.0,0.0,0.0,0.0,0.0,0.0,0.0,0.0,0.0,0.0,0.0,0.0,0.0
31,K,0.0,0.0,0.0,0.0,0.0,0.0,0.0,0.0,0.0,0.0,0.0,0.0,0.0,0.0,0.0
31,L,0.0,0.0,0.0,0.0,0.0,0.0,0.0,0.0,0.0,0.0,0.0,0.0,0.0,0.0,0.0
31,M,0.0,0.0,0.0,0.0,0.0,0.0,0.0,0.0,0.0,0.0,0.0,0.0,0.0,0.0,0.0
31,N,0.0,0.0,0.0,0.0,0.0,0.0,0.0,0.0,0.0,0.0,0.0,0.0,0.0,0.0,0.0
31,O,0.0,0.0,0.0,0.0,0.0,0.0,0.0,0.0,0.0,0.0,0.0,0.0,0.0,0.0,0.0
32,A,0.0,0.0,0.0,4085,5904,2326,7431,0.0,9439,11093,0.0,13296,14669,16483,0.0
32,B,0.0,0.0,0.0,0.0,0.0,0.0,0.0,0.0,0.0,0.0,0.0,0.0,0.0,0.0,0.0
32,C,0.0,0.0,0.0,0.0,0.0,0.0,0.0,0.0,0.0,0.0,0.0,0.0,0.0,0.0,0.0
32,D,4085,0.0,0.0,0.0,1820,1758,3347,0.0,5354,7008,0.0,9212,10584,12399,0.0
32,E,5904,0.0,0.0,1820,0.0,3578,1527,0.0,3535,5189,0.0,7392,8765,10579,0.0
32,F,2326,0.0,0.0,1758,3578,0.0,5105,0.0,7113,8766,0.0,10970,12342,14157,0.0
32,G,7431,0.0,0.0,3347,1527,5105,0.0,0.0,2008,3662,0.0,5865,7237,9052,0.0
32,H,0.0,0.0,0.0,0.0,0.0,0.0,0.0,0.0,0.0,0.0,0.0,0.0,0.0,0.0,0.0
32,I,9439,0.0,0.0,5354,3535,7113,2008,0.0,0.0,1654,0.0,3858,5230,7044,0.0
32,J,11093,0.0,0.0,7008,5189,8766,3662,0.0,1654,0.0,0.0,2204,3576,5390,0.0
32,K,0.0,0.0,0.0,0.0,0.0,0.0,0.0,0.0,0.0,0.0,0.0,0.0,0.0,0.0,0.0
32,L,13296,0.0,0.0,9212,7392,10970,5865,0.0,3858,2204,0.0,0.0,1372,3187,0.0
32,M,14669,0.0,0.0,10584,8765,12342,7237,0.0,5230,3576,0.0,1372,0.0,1814,0.0
32,N,16483,0.0,0.0,12399,10579,14157,9052,0.0,7044,5390,0.0,3187,1814,0.0,0.0
32,O,0.0,0.0,0.0,0.0,0.0,0.0,0.0,0.0,0.0,0.0,0.0,0.0,0.0,0.0,0.0
33,A,0.0,0.0,0.0,3391,4920,1719,6586,8280,0.0,0.0,0.0,0.0,0.0,0.0,0.0
33,B,0.0,0.0,0.0,0.0,0.0,0.0,0.0,0.0,0.0,0.0,0.0,0.0,0.0,0.0,0.0
33,C,0.0,0.0,0.0,0.0,0.0,0.0,0.0,0.0,0.0,0.0,0.0,0.0,0.0,0.0,0.0
33,D,3391,0.0,0.0,0.0,1529,1672,3194,4889,0.0,0.0,0.0,0.0,0.0,0.0,0.0
33,E,4920,0.0,0.0,1529,0.0,3201,1666,3360,0.0,0.0,0.0,0.0,0.0,0.0,0.0
33,F,1719,0.0,0.0,1672,3201,0.0,4867,6561,0.0,0.0,0.0,0.0,0.0,0.0,0.0
33,G,6586,0.0,0.0,3194,1666,4867,0.0,1695,0.0,0.0,0.0,0.0,0.0,0.0,0.0
33,H,8280,0.0,0.0,4889,3360,6561,1695,0.0,0.0,0.0,0.0,0.0,0.0,0.0,0.0
33,I,0.0,0.0,0.0,0.0,0.0,0.0,0.0,0.0,0.0,0.0,0.0,0.0,0.0,0.0,0.0
33,J,0.0,0.0,0.0,0.0,0.0,0.0,0.0,0.0,0.0,0.0,0.0,0.0,0.0,0.0,0.0
33,K,0.0,0.0,0.0,0.0,0.0,0.0,0.0,0.0,0.0,0.0,0.0,0.0,0.0,0.0,0.0
33,L,0.0,0.0,0.0,0.0,0.0,0.0,0.0,0.0,0.0,0.0,0.0,0.0,0.0,0.0,0.0
33,M,0.0,0.0,0.0,0.0,0.0,0.0,0.0,0.0,0.0,0.0,0.0,0.0,0.0,0.0,0.0
33,N,0.0,0.0,0.0,0.0,0.0,0.0,0.0,0.0,0.0,0.0,0.0,0.0,0.0,0.0,0.0
33,O,0.0,0.0,0.0,0.0,0.0,0.0,0.0,0.0,0.0,0.0,0.0,0.0,0.0,0.0,0.0
34,A,0.0,0.0,0.0,3693,5297,2056,7150,0.0,9002,11005,0.0,13013,14999,0.0,16783
34,B,0.0,0.0,0.0,0.0,0.0,0.0,0.0,0.0,0.0,0.0,0.0,0.0,0.0,0.0,0.0
34,C,0.0,0.0,0.0,0.0,0.0,0.0,0.0,0.0,0.0,0.0,0.0,0.0,0.0,0.0,0.0
34,D,3693,0.0,0.0,0.0,1604,1637,3457,0.0,5309,7312,0.0,9320,11306,0.0,13090
34,E,5297,0.0,0.0,1604,0.0,3241,1853,0.0,3706,5709,0.0,7717,9702,0.0,11487
34,F,2056,0.0,0.0,1637,3241,0.0,5094,0.0,6946,8949,0.0,10957,12943,0.0,14727
34,G,7150,0.0,0.0,3457,1853,5094,0.0,0.0,1853,3856,0.0,5864,7849,0.0,9634
34,H,0.0,0.0,0.0,0.0,0.0,0.0,0.0,0.0,0.0,0.0,0.0,0.0,0.0,0.0,0.0
34,I,9002,0.0,0.0,5309,3706,6946,1853,0.0,0.0,2003,0.0,4011,5996,0.0,7781
34,J,11005,0.0,0.0,7312,5709,8949,3856,0.0,2003,0.0,0.0,2008,3993,0.0,5778
34,K,0.0,0.0,0.0,0.0,0.0,0.0,0.0,0.0,0.0,0.0,0.0,0.0,0.0,0.0,0.0
34,L,13013,0.0,0.0,9320,7717,10957,5864,0.0,4011,2008,0.0,0.0,1985,0.0,3770
34,M,14999,0.0,0.0,11306,9702,12943,7849,0.0,5996,3993,0.0,1985,0.0,0.0,1784
34,N,0.0,0.0,0.0,0.0,0.0,0.0,0.0,0.0,0.0,0.0,0.0,0.0,0.0,0.0,0.0
34,O,16783,0.0,0.0,13090,11487,14727,9634,0.0,7781,5778,0.0,3770,1784,0.0,0.0
35,A,0.0,0.0,0.0,3558,5192,1569,6863,0.0,8488,10123,11929,0.0,14010,16052,0.0
35,B,0.0,0.0,0.0,0.0,0.0,0.0,0.0,0.0,0.0,0.0,0.0,0.0,0.0,0.0,0.0
35,C,0.0,0.0,0.0,0.0,0.0,0.0,0.0,0.0,0.0,0.0,0.0,0.0,0.0,0.0,0.0
35,D,3558,0.0,0.0,0.0,1634,1989,3305,0.0,4930,6565,8371,0.0,10452,12494,0.0
35,E,5192,0.0,0.0,1634,0.0,3622,1671,0.0,3296,4931,6737,0.0,8818,10860,0.0
35,F,1569,0.0,0.0,1989,3622,0.0,5293,0.0,6918,8554,10359,0.0,12440,14482,0.0
35,G,6863,0.0,0.0,3305,1671,5293,0.0,0.0,1625,3260,5066,0.0,7147,9189,0.0
35,H,0.0,0.0,0.0,0.0,0.0,0.0,0.0,0.0,0.0,0.0,0.0,0.0,0.0,0.0,0.0
35,I,8488,0.0,0.0,4930,3296,6918,1625,0.0,0.0,1635,3441,0.0,5522,7564,0.0
35,J,10123,0.0,0.0,6565,4931,8554,3260,0.0,1635,0.0,1806,0.0,3887,5929,0.0
35,K,11929,0.0,0.0,8371,6737,10359,5066,0.0,3441,1806,0.0,0.0,2081,4123,0.0
35,L,0.0,0.0,0.0,0.0,0.0,0.0,0.0,0.0,0.0,0.0,0.0,0.0,0.0,0.0,0.0
35,M,14010,0.0,0.0,10452,8818,12440,7147,0.0,5522,3887,2081,0.0,0.0,2042,0.0
35,N,16052,0.0,0.0,12494,10860,14482,9189,0.0,7564,5929,4123,0.0,2042,0.0,0.0
35,O,0.0,0.0,0.0,0.0,0.0,0.0,0.0,0.0,0.0,0.0,0.0,0.0,0.0,0.0,0.0
36,A,0.0,0.0,0.0,3793,5528,1785,7327,8984,0.0,0.0,0.0,0.0,0.0,0.0,0.0
36,B,0.0,0.0,0.0,0.0,0.0,0.0,0.0,0.0,0.0,0.0,0.0,0.0,0.0,0.0,0.0
36,C,0.0,0.0,0.0,0.0,0.0,0.0,0.0,0.0,0.0,0.0,0.0,0.0,0.0,0.0,0.0
36,D,3793,0.0,0.0,0.0,1735,2008,3534,5191,0.0,0.0,0.0,0.0,0.0,0.0,0.0
36,E,5528,0.0,0.0,1735,0.0,3744,1799,3455,0.0,0.0,0.0,0.0,0.0,0.0,0.0
36,F,1785,0.0,0.0,2008,3744,0.0,5542,7199,0.0,0.0,0.0,0.0,0.0,0.0,0.0
36,G,7327,0.0,0.0,3534,1799,5542,0.0,1657,0.0,0.0,0.0,0.0,0.0,0.0,0.0
36,H,8984,0.0,0.0,5191,3455,7199,1657,0.0,0.0,0.0,0.0,0.0,0.0,0.0,0.0
36,I,0.0,0.0,0.0,0.0,0.0,0.0,0.0,0.0,0.0,0.0,0.0,0.0,0.0,0.0,0.0
36,J,0.0,0.0,0.0,0.0,0.0,0.0,0.0,0.0,0.0,0.0,0.0,0.0,0.0,0.0,0.0
36,K,0.0,0.0,0.0,0.0,0.0,0.0,0.0,0.0,0.0,0.0,0.0,0.0,0.0,0.0,0.0
36,L,0.0,0.0,0.0,0.0,0.0,0.0,0.0,0.0,0.0,0.0,0.0,0.0,0.0,0.0,0.0
36,M,0.0,0.0,0.0,0.0,0.0,0.0,0.0,0.0,0.0,0.0,0.0,0.0,0.0,0.0,0.0
36,N,0.0,0.0,0.0,0.0,0.0,0.0,0.0,0.0,0.0,0.0,0.0,0.0,0.0,0.0,0.0
36,O,0.0,0.0,0.0,0.0,0.0,0.0,0.0,0.0,0.0,0.0,0.0,0.0,0.0,0.0,0.0
37,A,0.0,1715,3482,8527,10199,6949,11921,14164,0.0,0.0,0.0,0.0,0.0,0.0,0.0
37,B,1715,0.0,1767,6812,8483,5234,10206,12449,0.0,0.0,0.0,0.0,0.0,0.0,0.0
37,C,3482,1767,0.0,5045,6716,3467,8439,10682,0.0,0.0,0.0,0.0,0.0,0.0,0.0
