case,activitypair,A,B,C,D,E,F,G,H,I,J,K,L,M,N,O
0,A,0.0,1665,3380,9035,10868,7266,12878,14358,0.0,0.0,0.0,0.0,0.0,0.0,0.0
0,B,1665,0.0,1715,7370,9203,5601,11213,12693,0.0,0.0,0.0,0.0,0.0,0.0,0.0
0,C,3380,1715,0.0,5655,7488,3886,9498,10978,0.0,0.0,0.0,0.0,0.0,0.0,0.0
0,D,9035,7370,5655,0.0,1833,1769,3843,5323,0.0,0.0,0.0,0.0,0.0,0.0,0.0
0,E,10868,9203,7488,1833,0.0,3602,2010,3490,0.0,0.0,0.0,0.0,0.0,0.0,0.0
0,F,7266,5601,3886,1769,3602,0.0,5612,7092,0.0,0.0,0.0,0.0,0.0,0.0,0.0
0,G,12878,11213,9498,3843,2010,5612,0.0,1480,0.0,0.0,0.0,0.0,0.0,0.0,0.0
0,H,14358,12693,10978,5323,3490,7092,1480,0.0,0.0,0.0,0.0,0.0,0.0,0.0,0.0
0,I,0.0,0.0,0.0,0.0,0.0,0.0,0.0,0.0,0.0,0.0,0.0,0.0,0.0,0.0,0.0
0,J,0.0,0.0,0.0,0.0,0.0,0.0,0.0,0.0,0.0,0.0,0.0,0.0,0.0,0.0,0.0
0,K,0.0,0.0,0.0,0.0,0.0,0.0,0.0,0.0,0.0,0.0,0.0,0.0,0.0,0.0,0.0
0,L,0.0,0.0,0.0,0.0,0.0,0.0,0.0,0.0,0.0,0.0,0.0,0.0,0.0,0.0,0.0
0,M,0.0,0.0,0.0,0.0,0.0,0.0,0.0,0.0,0.0,0.0,0.0,0.0,0.0,0.0,0.0
0,N,0.0,0.0,0.0,0.0,0.0,0.0,0.0,0.0,0.0,0.0,0.0,0.0,0.0,0.0,0.0
0,O,0.0,0.0,0.0,0.0,0.0,0.0,0.0,0.0,0.0,0.0,0.0,0.0,0.0,0.0,0.0
1,A,0.0,0.0,0.0,3722,5260,1699,7358,0.0,9360,11052,0.0,12952,14937,0.0,16901
1,B,0.0,0.0,0.0,0.0,0.0,0.0,0.0,0.0,0.0,0.0,0.0,0.0,0.0,0.0,0.0
1,C,0.0,0.0,0.0,0.0,0.0,0.0,0.0,0.0,0.0,0.0,0.0,0.0,0.0,0.0,0.0
1,D,3722,0.0,0.0,0.0,1539,2023,3636,0.0,5638,7330,0.0,9230,11215,0.0,13180
1,E,5260,0.0,0.0,1539,0.0,3561,2097,0.0,4100,5791,0.0,7691,9677,0.0,11641
1,F,1699,0.0,0.0,2023,3561,0.0,5659,0.0,7661,9353,0.0,11253,13238,0.0,15202
1,G,7358,0.0,0.0,3636,2097,5659,0.0,0.0,2002,3694,0.0,5594,7579,0.0,9544
1,H,0.0,0.0,0.0,0.0,0.0,0.0,0.0,0.0,0.0,0.0,0.0,0.0,0.0,0.0,0.0
1,I,9360,0.0,0.0,5638,4100,7661,2002,0.0,0.0,1692,0.0,3592,5577,0.0,7541
1,J,11052,0.0,0.0,7330,5791,9353,3694,0.0,1692,0.0,0.0,1900,3885,0.0,5850
1,K,0.0,0.0,0.0,0.0,0.0,0.0,0.0,0.0,0.0,0.0,0.0,0.0,0.0,0.0,0.0
1,L,12952,0.0,0.0,9230,7691,11253,5594,0.0,3592,1900,0.0,0.0,1985,0.0,3950
1,M,14937,0.0,0.0,11215,9677,13238,7579,0.0,5577,3885,0.0,1985,0.0,0.0,1964
1,N,0.0,0.0,0.0,0.0,0.0,0.0,0.0,0.0,0.0,0.0,0.0,0.0,0.0,0.0,0.0
1,O,16901,0.0,0.0,13180,11641,15202,9544,0.0,7541,5850,0.0,3950,1964,0.0,0.0
2,A,0.0,2279,4090,24707,26380,22794,28214,0.0,29602,31641,0.0,33551,35064,0.0,37008
2,B,2279,0.0,1810,22428,24101,20515,25935,0.0,27323,29361,0.0,31272,32784,0.0,34728
2,C,4090,1810,0.0,20618,22291,18705,24125,0.0,25513,27551,0.0,29462,30974,0.0,32918
2,D,24707,22428,20618,0.0,1673,1913,3507,0.0,4895,6933,0.0,8844,10356,0.0,12300
2,E,26380,24101,22291,1673,0.0,3586,1834,0.0,3222,5260,0.0,7171,8683,0.0,10627
2,F,22794,20515,18705,1913,3586,0.0,5420,0.0,6808,8847,0.0,10757,12269,0.0,14213
2,G,28214,25935,24125,3507,1834,5420,0.0,0.0,1388,3426,0.0,5337,6849,0.0,8793
2,H,0.0,0.0,0.0,0.0,0.0,0.0,0.0,0.0,0.0,0.0,0.0,0.0,0.0,0.0,0.0
2,I,29602,27323,25513,4895,3222,6808,1388,0.0,0.0,2038,0.0,3949,5461,0.0,7405
2,J,31641,29361,27551,6933,5260,8847,3426,0.0,2038,0.0,0.0,1911,3423,0.0,5367
2,K,0.0,0.0,0.0,0.0,0.0,0.0,0.0,0.0,0.0,0.0,0.0,0.0,0.0,0.0,0.0
2,L,33551,31272,29462,8844,7171,10757,5337,0.0,3949,1911,0.0,0.0,1512,0.0,3456
2,M,35064,32784,30974,10356,8683,12269,6849,0.0,5461,3423,0.0,1512,0.0,0.0,1944
2,N,0.0,0.0,0.0,0.0,0.0,0.0,0.0,0.0,0.0,0.0,0.0,0.0,0.0,0.0,0.0
2,O,37008,34728,32918,12300,10627,14213,8793,0.0,7405,5367,0.0,3456,1944,0.0,0.0
3,A,0.0,0.0,0.0,3628,5736,1742,7200,9243,0.0,0.0,0.0,0.0,0.0,0.0,0.0
3,B,0.0,0.0,0.0,0.0,0.0,0.0,0.0,0.0,0.0,0.0,0.0,0.0,0.0,0.0,0.0
3,C,0.0,0.0,0.0,0.0,0.0,0.0,0.0,0.0,0.0,0.0,0.0,0.0,0.0,0.0,0.0
3,D,3628,0.0,0.0,0.0,2108,1886,3572,5616,0.0,0.0,0.0,0.0,0.0,0.0,0.0
3,E,5736,0.0,0.0,2108,0.0,3994,1464,3508,0.0,0.0,0.0,0.0,0.0,0.0,0.0
3,F,1742,0.0,0.0,1886,3994,0.0,5458,7502,0.0,0.0,0.0,0.0,0.0,0.0,0.0
3,G,7200,0.0,0.0,3572,1464,5458,0.0,2044,0.0,0.0,0.0,0.0,0.0,0.0,0.0
3,H,9243,0.0,0.0,5616,3508,7502,2044,0.0,0.0,0.0,0.0,0.0,0.0,0.0,0.0
3,I,0.0,0.0,0.0,0.0,0.0,0.0,0.0,0.0,0.0,0.0,0.0,0.0,0.0,0.0,0.0
3,J,0.0,0.0,0.0,0.0,0.0,0.0,0.0,0.0,0.0,0.0,0.0,0.0,0.0,0.0,0.0
3,K,0.0,0.0,0.0,0.0,0.0,0.0,0.0,0.0,0.0,0.0,0.0,0.0,0.0,0.0,0.0
3,L,0.0,0.0,0.0,0.0,0.0,0.0,0.0,0.0,0.0,0.0,0.0,0.0,0.0,0.0,0.0
3,M,0.0,0.0,0.0,0.0,0.0,0.0,0.0,0.0,0.0,0.0,0.0,0.0,0.0,0.0,0.0
3,N,0.0,0.0,0.0,0.0,0.0,0.0,0.0,0.0,0.0,0.0,0.0,0.0,0.0,0.0,0.0
3,O,0.0,0.0,0.0,0.0,0.0,0.0,0.0,0.0,0.0,0.0,0.0,0.0,0.0,0.0,0.0
4,A,0.0,1507,3101,8046,9638,6321,11365,0.0,12975,14694,0.0,16576,18183,20105,0.0
4,B,1507,0.0,1594,6539,8131,4815,9858,0.0,11469,13188,0.0,15069,16677,18598,0.0
4,C,3101,1594,0.0,4945,6537,3220,8264,0.0,9874,11593,0.0,13475,15082,17004,0.0
4,D,8046,6539,4945,0.0,1592,1725,3319,0.0,4929,6648,0.0,8530,10137,12059,0.0
4,E,9638,8131,6537,1592,0.0,3317,1727,0.0,3337,5056,0.0,6938,8545,10467,0.0
4,F,6321,4815,3220,1725,3317,0.0,5044,0.0,6654,8373,0.0,10254,11862,13784,0.0
4,G,11365,9858,8264,3319,1727,5044,0.0,0.0,1610,3329,0.0,5211,6819,8740,0.0
4,H,0.0,0.0,0.0,0.0,0.0,0.0,0.0,0.0,0.0,0.0,0.0,0.0,0.0,0.0,0.0
4,I,12975,11469,9874,4929,3337,6654,1610,0.0,0.0,1719,0.0,3601,5208,7130,0.0
4,J,14694,13188,11593,6648,5056,8373,3329,0.0,1719,0.0,0.0,1882,3489,5411,0.0
4,K,0.0,0.0,0.0,0.0,0.0,0.0,0.0,0.0,0.0,0.0,0.0,0.0,0.0,0.0,0.0
4,L,16576,15069,13475,8530,6938,10254,5211,0.0,3601,1882,0.0,0.0,1608,3529,0.0
4,M,18183,16677,15082,10137,8545,11862,6819,0.0,5208,3489,0.0,1608,0.0,1922,0.0
4,N,20105,18598,17004,12059,10467,13784,8740,0.0,7130,5411,0.0,3529,1922,0.0,0.0
4,O,0.0,0.0,0.0,0.0,0.0,0.0,0.0,0.0,0.0,0.0,0.0,0.0,0.0,0.0,0.0
5,A,0.0,1981,3581,8733,10540,6921,12333,0.0,14079,15741,17474,0.0,19122,20890,0.0
5,B,1981,0.0,1600,6752,8558,4940,10352,0.0,12098,13760,15493,0.0,17141,18909,0.0
5,C,3581,1600,0.0,5152,6959,3340,8752,0.0,10498,12160,13893,0.0,15541,17309,0.0
5,D,8733,6752,5152,0.0,1806,1812,3600,0.0,5346,7008,8741,0.0,10389,12157,0.0
5,E,10540,8558,6959,1806,0.0,3619,1794,0.0,3540,5201,6935,0.0,8582,10350,0.0
5,F,6921,4940,3340,1812,3619,0.0,5412,0.0,7158,8820,10553,0.0,12201,13969,0.0
5,G,12333,10352,8752,3600,1794,5412,0.0,0.0,1746,3407,5141,0.0,6789,8557,0.0
5,H,0.0,0.0,0.0,0.0,0.0,0.0,0.0,0.0,0.0,0.0,0.0,0.0,0.0,0.0,0.0
5,I,14079,12098,10498,5346,3540,7158,1746,0.0,0.0,1661,3395,0.0,5043,6811,0.0
5,J,15741,13760,12160,7008,5201,8820,3407,0.0,1661,0.0,1734,0.0,3381,5149,0.0
5,K,17474,15493,13893,8741,6935,10553,5141,0.0,3395,1734,0.0,0.0,1648,3416,0.0
5,L,0.0,0.0,0.0,0.0,0.0,0.0,0.0,0.0,0.0,0.0,0.0,0.0,0.0,0.0,0.0
5,M,19122,17141,15541,10389,8582,12201,6789,0.0,5043,3381,1648,0.0,0.0,1768,0.0
5,N,20890,18909,17309,12157,10350,13969,8557,0.0,6811,5149,3416,0.0,1768,0.0,0.0
5,O,0.0,0.0,0.0,0.0,0.0,0.0,0.0,0.0,0.0,0.0,0.0,0.0,0.0,0.0,0.0
6,A,0.0,0.0,0.0,3911,6040,1945,7955,0.0,9675,11540,13353,0.0,15114,0.0,16619
6,B,0.0,0.0,0.0,0.0,0.0,0.0,0.0,0.0,0.0,0.0,0.0,0.0,0.0,0.0,0.0
6,C,0.0,0.0,0.0,0.0,0.0,0.0,0.0,0.0,0.0,0.0,0.0,0.0,0.0,0.0,0.0
6,D,3911,0.0,0.0,0.0,2129,1966,4044,0.0,5764,7629,9442,0.0,11203,0.0,12708
6,E,6040,0.0,0.0,2129,0.0,4096,1914,0.0,3634,5499,7313,0.0,9073,0.0,10579
6,F,1945,0.0,0.0,1966,4096,0.0,6010,0.0,7730,9595,11408,0.0,13169,0.0,14675
6,G,7955,0.0,0.0,4044,1914,6010,0.0,0.0,1720,3585,5398,0.0,7159,0.0,8665
6,H,0.0,0.0,0.0,0.0,0.0,0.0,0.0,0.0,0.0,0.0,0.0,0.0,0.0,0.0,0.0
6,I,9675,0.0,0.0,5764,3634,7730,1720,0.0,0.0,1865,3678,0.0,5439,0.0,6945
6,J,11540,0.0,0.0,7629,5499,9595,3585,0.0,1865,0.0,1813,0.0,3574,0.0,5080
6,K,13353,0.0,0.0,9442,7313,11408,5398,0.0,3678,1813,0.0,0.0,1761,0.0,3266
6,L,0.0,0.0,0.0,0.0,0.0,0.0,0.0,0.0,0.0,0.0,0.0,0.0,0.0,0.0,0.0
6,M,15114,0.0,0.0,11203,9073,13169,7159,0.0,5439,3574,1761,0.0,0.0,0.0,1506
6,N,0.0,0.0,0.0,0.0,0.0,0.0,0.0,0.0,0.0,0.0,0.0,0.0,0.0,0.0,0.0
6,O,16619,0.0,0.0,12708,10579,14675,8665,0.0,6945,5080,3266,0.0,1506,0.0,0.0
7,A,0.0,0.0,0.0,3742,5730,1849,7632,9173,0.0,0.0,0.0,0.0,0.0,0.0,0.0
7,B,0.0,0.0,0.0,0.0,0.0,0.0,0.0,0.0,0.0,0.0,0.0,0.0,0.0,0.0,0.0
7,C,0.0,0.0,0.0,0.0,0.0,0.0,0.0,0.0,0.0,0.0,0.0,0.0,0.0,0.0,0.0
7,D,3742,0.0,0.0,0.0,1988,1893,3890,5431,0.0,0.0,0.0,0.0,0.0,0.0,0.0
7,E,5730,0.0,0.0,1988,0.0,3881,1902,3442,0.0,0.0,0.0,0.0,0.0,0.0,0.0
7,F,1849,0.0,0.0,1893,3881,0.0,5783,7324,0.0,0.0,0.0,0.0,0.0,0.0,0.0
7,G,7632,0.0,0.0,3890,1902,5783,0.0,1540,0.0,0.0,0.0,0.0,0.0,0.0,0.0
7,H,9173,0.0,0.0,5431,3442,7324,1540,0.0,0.0,0.0,0.0,0.0,0.0,0.0,0.0
7,I,0.0,0.0,0.0,0.0,0.0,0.0,0.0,0.0,0.0,0.0,0.0,0.0,0.0,0.0,0.0
7,J,0.0,0.0,0.0,0.0,0.0,0.0,0.0,0.0,0.0,0.0,0.0,0.0,0.0,0.0,0.0
7,K,0.0,0.0,0.0,0.0,0.0,0.0,0.0,0.0,0.0,0.0,0.0,0.0,0.0,0.0,0.0
7,L,0.0,0.0,0.0,0.0,0.0,0.0,0.0,0.0,0.0,0.0,0.0,0.0,0.0,0.0,0.0
7,M,0.0,0.0,0.0,0.0,0.0,0.0,0.0,0.0,0.0,0.0,0.0,0.0,0.0,0.0,0.0
7,N,0.0,0.0,0.0,0.0,0.0,0.0,0.0,0.0,0.0,0.0,0.0,0.0,0.0,0.0,0.0
7,O,0.0,0.0,0.0,0.0,0.0,0.0,0.0,0.0,0.0,0.0,0.0,0.0,0.0,0.0,0.0
8,A,0.0,1673,3465,13739,15502,12057,17260,0.0,19471,21369,23015,0.0,24844,0.0,26587
8,B,1673,0.0,1792,12066,13829,10384,15587,0.0,17798,19696,21342,0.0,23171,0.0,24914
8,C,3465,1792,0.0,10274,12037,8592,13795,0.0,16006,17904,19550,0.0,21379,0.0,23123
8,D,13739,12066,10274,0.0,1762,1682,3521,0.0,5732,7630,9276,0.0,11105,0.0,12848
8,E,15502,13829,12037,1762,0.0,3445,1758,0.0,3970,5867,7514,0.0,9342,0.0,11086
8,F,12057,10384,8592,1682,3445,0.0,5203,0.0,7414,9312,10958,0.0,12787,0.0,14530
8,G,17260,15587,13795,3521,1758,5203,0.0,0.0,2211,4109,5755,0.0,7584,0.0,9327
8,H,0.0,0.0,0.0,0.0,0.0,0.0,0.0,0.0,0.0,0.0,0.0,0.0,0.0,0.0,0.0
8,I,19471,17798,16006,5732,3970,7414,2211,0.0,0.0,1898,3544,0.0,5373,0.0,7116
8,J,21369,19696,17904,7630,5867,9312,4109,0.0,1898,0.0,1646,0.0,3475,0.0,5218
8,K,23015,21342,19550,9276,7514,10958,5755,0.0,3544,1646,0.0,0.0,1829,0.0,3572
8,L,0.0,0.0,0.0,0.0,0.0,0.0,0.0,0.0,0.0,0.0,0.0,0.0,0.0,0.0,0.0
8,M,24844,23171,21379,11105,9342,12787,7584,0.0,5373,3475,1829,0.0,0.0,0.0,1743
8,N,0.0,0.0,0.0,0.0,0.0,0.0,0.0,0.0,0.0,0.0,0.0,0.0,0.0,0.0,0.0
8,O,26587,24914,23123,12848,11086,14530,9327,0.0,7116,5218,3572,0.0,1743,0.0,0.0
9,A,0.0,0.0,0.0,3655,5433,1741,7254,9202,0.0,0.0,0.0,0.0,0.0,0.0,0.0
9,B,0.0,0.0,0.0,0.0,0.0,0.0,0.0,0.0,0.0,0.0,0.0,0.0,0.0,0.0,0.0
9,C,0.0,0.0,0.0,0.0,0.0,0.0,0.0,0.0,0.0,0.0,0.0,0.0,0.0,0.0,0.0
9,D,3655,0.0,0.0,0.0,1778,1913,3599,5547,0.0,0.0,0.0,0.0,0.0,0.0,0.0
9,E,5433,0.0,0.0,1778,0.0,3691,1821,3769,0.0,0.0,0.0,0.0,0.0,0.0,0.0
9,F,1741,0.0,0.0,1913,3691,0.0,5513,7461,0.0,0.0,0.0,0.0,0.0,0.0,0.0
9,G,7254,0.0,0.0,3599,1821,5513,0.0,1948,0.0,0.0,0.0,0.0,0.0,0.0,0.0
9,H,9202,0.0,0.0,5547,3769,7461,1948,0.0,0.0,0.0,0.0,0.0,0.0,0.0,0.0
9,I,0.0,0.0,0.0,0.0,0.0,0.0,0.0,0.0,0.0,0.0,0.0,0.0,0.0,0.0,0.0
9,J,0.0,0.0,0.0,0.0,0.0,0.0,0.0,0.0,0.0,0.0,0.0,0.0,0.0,0.0,0.0
9,K,0.0,0.0,0.0,0.0,0.0,0.0,0.0,0.0,0.0,0.0,0.0,0.0,0.0,0.0,0.0
9,L,0.0,0.0,0.0,0.0,0.0,0.0,0.0,0.0,0.0,0.0,0.0,0.0,0.0,0.0,0.0
9,M,0.0,0.0,0.0,0.0,0.0,0.0,0.0,0.0,0.0,0.0,0.0,0.0,0.0,0.0,0.0
9,N,0.0,0.0,0.0,0.0,0.0,0.0,0.0,0.0,0.0,0.0,0.0,0.0,0.0,0.0,0.0
9,O,0.0,0.0,0.0,0.0,0.0,0.0,0.0,0.0,0.0,0.0,0.0,0.0,0.0,0.0,0.0
10,A,0.0,0.0,0.0,3358,5077,1831,6958,8785,0.0,0.0,0.0,0.0,0.0,0.0,0.0
10,B,0.0,0.0,0.0,0.0,0.0,0.0,0.0,0.0,0.0,0.0,0.0,0.0,0.0,0.0,0.0
10,C,0.0,0.0,0.0,0.0,0.0,0.0,0.0,0.0,0.0,0.0,0.0,0.0,0.0,0.0,0.0
10,D,3358,0.0,0.0,0.0,1720,1527,3600,5427,0.0,0.0,0.0,0.0,0.0,0.0,0.0
10,E,5077,0.0,0.0,1720,0.0,3247,1881,3708,0.0,0.0,0.0,0.0,0.0,0.0,0.0
10,F,1831,0.0,0.0,1527,3247,0.0,5127,6954,0.0,0.0,0.0,0.0,0.0,0.0,0.0
10,G,6958,0.0,0.0,3600,1881,5127,0.0,1827,0.0,0.0,0.0,0.0,0.0,0.0,0.0
10,H,8785,0.0,0.0,5427,3708,6954,1827,0.0,0.0,0.0,0.0,0.0,0.0,0.0,0.0
10,I,0.0,0.0,0.0,0.0,0.0,0.0,0.0,0.0,0.0,0.0,0.0,0.0,0.0,0.0,0.0
10,J,0.0,0.0,0.0,0.0,0.0,0.0,0.0,0.0,0.0,0.0,0.0,0.0,0.0,0.0,0.0
10,K,0.0,0.0,0.0,0.0,0.0,0.0,0.0,0.0,0.0,0.0,0.0,0.0,0.0,0.0,0.0
10,L,0.0,0.0,0.0,0.0,0.0,0.0,0.0,0.0,0.0,0.0,0.0,0.0,0.0,0.0,0.0
10,M,0.0,0.0,0.0,0.0,0.0,0.0,0.0,0.0,0.0,0.0,0.0,0.0,0.0,0.0,0.0
10,N,0.0,0.0,0.0,0.0,0.0,0.0,0.0,0.0,0.0,0.0,0.0,0.0,0.0,0.0,0.0
10,O,0.0,0.0,0.0,0.0,0.0,0.0,0.0,0.0,0.0,0.0,0.0,0.0,0.0,0.0,0.0
11,A,0.0,1541,3072,8755,10523,6795,12386,14127,0.0,0.0,0.0,0.0,0.0,0.0,0.0
11,B,1541,0.0,1531,7214,8982,5255,10845,12586,0.0,0.0,0.0,0.0,0.0,0.0,0.0
11,C,3072,1531,0.0,5683,7451,3724,9314,11055,0.0,0.0,0.0,0.0,0.0,0.0,0.0
11,D,8755,7214,5683,0.0,1768,1960,3631,5372,0.0,0.0,0.0,0.0,0.0,0.0,0.0
11,E,10523,8982,7451,1768,0.0,3728,1863,3604,0.0,0.0,0.0,0.0,0.0,0.0,0.0
11,F,6795,5255,3724,1960,3728,0.0,5591,7331,0.0,0.0,0.0,0.0,0.0,0.0,0.0
11,G,12386,10845,9314,3631,1863,5591,0.0,1741,0.0,0.0,0.0,0.0,0.0,0.0,0.0
11,H,14127,12586,11055,5372,3604,7331,1741,0.0,0.0,0.0,0.0,0.0,0.0,0.0,0.0
11,I,0.0,0.0,0.0,0.0,0.0,0.0,0.0,0.0,0.0,0.0,0.0,0.0,0.0,0.0,0.0
11,J,0.0,0.0,0.0,0.0,0.0,0.0,0.0,0.0,0.0,0.0,0.0,0.0,0.0,0.0,0.0
11,K,0.0,0.0,0.0,0.0,0.0,0.0,0.0,0.0,0.0,0.0,0.0,0.0,0.0,0.0,0.0
11,L,0.0,0.0,0.0,0.0,0.0,0.0,0.0,0.0,0.0,0.0,0.0,0.0,0.0,0.0,0.0
11,M,0.0,0.0,0.0,0.0,0.0,0.0,0.0,0.0,0.0,0.0,0.0,0.0,0.0,0.0,0.0
11,N,0.0,0.0,0.0,0.0,0.0,0.0,0.0,0.0,0.0,0.0,0.0,0.0,0.0,0.0,0.0
11,O,0.0,0.0,0.0,0.0,0.0,0.0,0.0,0.0,0.0,0.0,0.0,0.0,0.0,0.0,0.0
12,A,0.0,0.0,0.0,3845,5517,2027,7246,8884,0.0,0.0,0.0,0.0,0.0,0.0,0.0
12,B,0.0,0.0,0.0,0.0,0.0,0.0,0.0,0.0,0.0,0.0,0.0,0.0,0.0,0.0,0.0
12,C,0.0,0.0,0.0,0.0,0.0,0.0,0.0,0.0,0.0,0.0,0.0,0.0,0.0,0.0,0.0
12,D,3845,0.0,0.0,0.0,1672,1817,3401,5040,0.0,0.0,0.0,0.0,0.0,0.0,0.0
12,E,5517,0.0,0.0,1672,0.0,3489,1729,3368,0.0,0.0,0.0,0.0,0.0,0.0,0.0
12,F,2027,0.0,0.0,1817,3489,0.0,5218,6857,0.0,0.0,0.0,0.0,0.0,0.0,0.0
12,G,7246,0.0,0.0,3401,1729,5218,0.0,1639,0.0,0.0,0.0,0.0,0.0,0.0,0.0
12,H,8884,0.0,0.0,5040,3368,6857,1639,0.0,0.0,0.0,0.0,0.0,0.0,0.0,0.0
12,I,0.0,0.0,0.0,0.0,0.0,0.0,0.0,0.0,0.0,0.0,0.0,0.0,0.0,0.0,0.0
12,J,0.0,0.0,0.0,0.0,0.0,0.0,0.0,0.0,0.0,0.0,0.0,0.0,0.0,0.0,0.0
12,K,0.0,0.0,0.0,0.0,0.0,0.0,0.0,0.0,0.0,0.0,0.0,0.0,0.0,0.0,0.0
12,L,0.0,0.0,0.0,0.0,0.0,0.0,0.0,0.0,0.0,0.0,0.0,0.0,0.0,0.0,0.0
12,M,0.0,0.0,0.0,0.0,0.0,0.0,0.0,0.0,0.0,0.0,0.0,0.0,0.0,0.0,0.0
12,N,0.0,0.0,0.0,0.0,0.0,0.0,0.0,0.0,0.0,0.0,0.0,0.0,0.0,0.0,0.0
12,O,0.0,0.0,0.0,0.0,0.0,0.0,0.0,0.0,0.0,0.0,0.0,0.0,0.0,0.0,0.0
13,A,0.0,0.0,0.0,3644,5442,1933,7272,0.0,9235,11014,0.0,12943,14389,0.0,16279
13,B,0.0,0.0,0.0,0.0,0.0,0.0,0.0,0.0,0.0,0.0,0.0,0.0,0.0,0.0,0.0
13,C,0.0,0.0,0.0,0.0,0.0,0.0,0.0,0.0,0.0,0.0,0.0,0.0,0.0,0.0,0.0
13,D,3644,0.0,0.0,0.0,1799,1710,3628,0.0,5591,7370,0.0,9299,10746,0.0,12635
13,E,5442,0.0,0.0,1799,0.0,3509,1829,0.0,3792,5571,0.0,7500,8947,0.0,10836
13,F,1933,0.0,0.0,1710,3509,0.0,5338,0.0,7301,9080,0.0,11009,12456,0.0,14345
13,G,7272,0.0,0.0,3628,1829,5338,0.0,0.0,1963,3742,0.0,5671,7118,0.0,9007
13,H,0.0,0.0,0.0,0.0,0.0,0.0,0.0,0.0,0.0,0.0,0.0,0.0,0.0,0.0,0.0
13,I,9235,0.0,0.0,5591,3792,7301,1963,0.0,0.0,1779,0.0,3708,5155,0.0,7044
13,J,11014,0.0,0.0,7370,5571,9080,3742,0.0,1779,0.0,0.0,1929,3376,0.0,5265
13,K,0.0,0.0,0.0,0.0,0.0,0.0,0.0,0.0,0.0,0.0,0.0,0.0,0.0,0.0,0.0
13,L,12943,0.0,0.0,9299,7500,11009,5671,0.0,3708,1929,0.0,0.0,1447,0.0,3336
13,M,14389,0.0,0.0,10746,8947,12456,7118,0.0,5155,3376,0.0,1447,0.0,0.0,1889
13,N,0.0,0.0,0.0,0.0,0.0,0.0,0.0,0.0,0.0,0.0,0.0,0.0,0.0,0.0,0.0
13,O,16279,0.0,0.0,12635,10836,14345,9007,0.0,7044,5265,0.0,3336,1889,0.0,0.0
14,A,0.0,0.0,0.0,3574,5258,1589,7090,0.0,8859,10555,0.0,12393,14380,0.0,16172
14,B,0.0,0.0,0.0,0.0,0.0,0.0,0.0,0.0,0.0,0.0,0.0,0.0,0.0,0.0,0.0
14,C,0.0,0.0,0.0,0.0,0.0,0.0,0.0,0.0,0.0,0.0,0.0,0.0,0.0,0.0,0.0
14,D,3574,0.0,0.0,0.0,1684,1985,3516,0.0,5285,6981,0.0,8819,10806,0.0,12598
14,E,5258,0.0,0.0,1684,0.0,3669,1832,0.0,3601,5297,0.0,7135,9122,0.0,10914
14,F,1589,0.0,0.0,1985,3669,0.0,5502,0.0,7270,8966,0.0,10804,12792,0.0,14584
14,G,7090,0.0,0.0,3516,1832,5502,0.0,0.0,1768,3465,0.0,5303,7290,0.0,9082
14,H,0.0,0.0,0.0,0.0,0.0,0.0,0.0,0.0,0.0,0.0,0.0,0.0,0.0,0.0,0.0
14,I,8859,0.0,0.0,5285,3601,7270,1768,0.0,0.0,1696,0.0,3534,5522,0.0,7314
14,J,10555,0.0,0.0,6981,5297,8966,3465,0.0,1696,0.0,0.0,1838,3826,0.0,5618
14,K,0.0,0.0,0.0,0.0,0.0,0.0,0.0,0.0,0.0,0.0,0.0,0.0,0.0,0.0,0.0
14,L,12393,0.0,0.0,8819,7135,10804,5303,0.0,3534,1838,0.0,0.0,1987,0.0,3779
14,M,14380,0.0,0.0,10806,9122,12792,7290,0.0,5522,3826,0.0,1987,0.0,0.0,1792
14,N,0.0,0.0,0.0,0.0,0.0,0.0,0.0,0.0,0.0,0.0,0.0,0.0,0.0,0.0,0.0
14,O,16172,0.0,0.0,12598,10914,14584,9082,0.0,7314,5618,0.0,3779,1792,0.0,0.0
15,A,0.0,0.0,0.0,3539,5231,1680,7049,9138,0.0,0.0,0.0,0.0,0.0,0.0,0.0
15,B,0.0,0.0,0.0,0.0,0.0,0.0,0.0,0.0,0.0,0.0,0.0,0.0,0.0,0.0,0.0
15,C,0.0,0.0,0.0,0.0,0.0,0.0,0.0,0.0,0.0,0.0,0.0,0.0,0.0,0.0,0.0
15,D,3539,0.0,0.0,0.0,1692,1859,3510,5599,0.0,0.0,0.0,0.0,0.0,0.0,0.0
15,E,5231,0.0,0.0,1692,0.0,3551,1818,3907,0.0,0.0,0.0,0.0,0.0,0.0,0.0
15,F,1680,0.0,0.0,1859,3551,0.0,5369,7458,0.0,0.0,0.0,0.0,0.0,0.0,0.0
15,G,7049,0.0,0.0,3510,1818,5369,0.0,2089,0.0,0.0,0.0,0.0,0.0,0.0,0.0
15,H,9138,0.0,0.0,5599,3907,7458,2089,0.0,0.0,0.0,0.0,0.0,0.0,0.0,0.0
15,I,0.0,0.0,0.0,0.0,0.0,0.0,0.0,0.0,0.0,0.0,0.0,0.0,0.0,0.0,0.0
15,J,0.0,0.0,0.0,0.0,0.0,0.0,0.0,0.0,0.0,0.0,0.0,0.0,0.0,0.0,0.0
15,K,0.0,0.0,0.0,0.0,0.0,0.0,0.0,0.0,0.0,0.0,0.0,0.0,0.0,0.0,0.0
15,L,0.0,0.0,0.0,0.0,0.0,0.0,0.0,0.0,0.0,0.0,0.0,0.0,0.0,0.0,0.0
15,M,0.0,0.0,0.0,0.0,0.0,0.0,0.0,0.0,0.0,0.0,0.0,0.0,0.0,0.0,0.0
15,N,0.0,0.0,0.0,0.0,0.0,0.0,0.0,0.0,0.0,0.0,0.0,0.0,0.0,0.0,0.0
15,O,0.0,0.0,0.0,0.0,0.0,0.0,0.0,0.0,0.0,0.0,0.0,0.0,0.0,0.0,0.0
16,A,0.0,0.0,0.0,3628,5133,2038,6538,0.0,8420,10234,0.0,12236,14064,15996,0.0
16,B,0.0,0.0,0.0,0.0,0.0,0.0,0.0,0.0,0.0,0.0,0.0,0.0,0.0,0.0,0.0
16,C,0.0,0.0,0.0,0.0,0.0,0.0,0.0,0.0,0.0,0.0,0.0,0.0,0.0,0.0,0.0
16,D,3628,0.0,0.0,0.0,1505,1590,2910,0.0,4792,6606,0.0,8608,10436,12368,0.0
16,E,5133,0.0,0.0,1505,0.0,3095,1405,0.0,3287,5101,0.0,7103,8931,10864,0.0
16,F,2038,0.0,0.0,1590,3095,0.0,4500,0.0,6382,8196,0.0,10198,12026,13958,0.0
16,G,6538,0.0,0.0,2910,1405,4500,0.0,0.0,1882,3696,0.0,5698,7526,9458,0.0
16,H,0.0,0.0,0.0,0.0,0.0,0.0,0.0,0.0,0.0,0.0,0.0,0.0,0.0,0.0,0.0
16,I,8420,0.0,0.0,4792,3287,6382,1882,0.0,0.0,1814,0.0,3816,5643,7576,0.0
16,J,10234,0.0,0.0,6606,5101,8196,3696,0.0,1814,0.0,0.0,2002,3830,5762,0.0
16,K,0.0,0.0,0.0,0.0,0.0,0.0,0.0,0.0,0.0,0.0,0.0,0.0,0.0,0.0,0.0
16,L,12236,0.0,0.0,8608,7103,10198,5698,0.0,3816,2002,0.0,0.0,1828,3761,0.0
16,M,14064,0.0,0.0,10436,8931,12026,7526,0.0,5643,3830,0.0,1828,0.0,1933,0.0
16,N,15996,0.0,0.0,12368,10864,13958,9458,0.0,7576,5762,0.0,3761,1933,0.0,0.0
16,O,0.0,0.0,0.0,0.0,0.0,0.0,0.0,0.0,0.0,0.0,0.0,0.0,0.0,0.0,0.0
17,A,0.0,2090,3688,9198,11011,7447,13014,0.0,14902,16553,18191,0.0,19921,0.0,21811
17,B,2090,0.0,1598,7108,8921,5358,10924,0.0,12812,14464,16101,0.0,17831,0.0,19721
17,C,3688,1598,0.0,5510,7322,3759,9326,0.0,11214,12865,14503,0.0,16233,0.0,18123
17,D,9198,7108,5510,0.0,1813,1750,3816,0.0,5704,7356,8993,0.0,10723,0.0,12613
17,E,11011,8921,7322,1813,0.0,3563,2003,0.0,3892,5543,7180,0.0,8910,0.0,10800
17,F,7447,5358,3759,1750,3563,0.0,5566,0.0,7455,9106,10743,0.0,12473,0.0,14364
17,G,13014,10924,9326,3816,2003,5566,0.0,0.0,1888,3539,5177,0.0,6907,0.0,8797
17,H,0.0,0.0,0.0,0.0,0.0,0.0,0.0,0.0,0.0,0.0,0.0,0.0,0.0,0.0,0.0
17,I,14902,12812,11214,5704,3892,7455,1888,0.0,0.0,1651,3289,0.0,5019,0.0,6909
17,J,16553,14464,12865,7356,5543,9106,3539,0.0,1651,0.0,1638,0.0,3367,0.0,5258
17,K,18191,16101,14503,8993,7180,10743,5177,0.0,3289,1638,0.0,0.0,1730,0.0,3620
17,L,0.0,0.0,0.0,0.0,0.0,0.0,0.0,0.0,0.0,0.0,0.0,0.0,0.0,0.0,0.0
17,M,19921,17831,16233,10723,8910,12473,6907,0.0,5019,3367,1730,0.0,0.0,0.0,1890
17,N,0.0,0.0,0.0,0.0,0.0,0.0,0.0,0.0,0.0,0.0,0.0,0.0,0.0,0.0,0.0
17,O,21811,19721,18123,12613,10800,14364,8797,0.0,6909,5258,3620,0.0,1890,0.0,0.0
18,A,0.0,0.0,0.0,3590,5177,1744,7206,9054,0.0,0.0,0.0,0.0,0.0,0.0,0.0
18,B,0.0,0.0,0.0,0.0,0.0,0.0,0.0,0.0,0.0,0.0,0.0,0.0,0.0,0.0,0.0
18,C,0.0,0.0,0.0,0.0,0.0,0.0,0.0,0.0,0.0,0.0,0.0,0.0,0.0,0.0,0.0
18,D,3590,0.0,0.0,0.0,1587,1846,3616,5464,0.0,0.0,0.0,0.0,0.0,0.0,0.0
18,E,5177,0.0,0.0,1587,0.0,3433,2029,3877,0.0,0.0,0.0,0.0,0.0,0.0,0.0
18,F,1744,0.0,0.0,1846,3433,0.0,5463,7310,0.0,0.0,0.0,0.0,0.0,0.0,0.0
18,G,7206,0.0,0.0,3616,2029,5463,0.0,1847,0.0,0.0,0.0,0.0,0.0,0.0,0.0
18,H,9054,0.0,0.0,5464,3877,7310,1847,0.0,0.0,0.0,0.0,0.0,0.0,0.0,0.0
18,I,0.0,0.0,0.0,0.0,0.0,0.0,0.0,0.0,0.0,0.0,0.0,0.0,0.0,0.0,0.0
18,J,0.0,0.0,0.0,0.0,0.0,0.0,0.0,0.0,0.0,0.0,0.0,0.0,0.0,0.0,0.0
18,K,0.0,0.0,0.0,0.0,0.0,0.0,0.0,0.0,0.0,0.0,0.0,0.0,0.0,0.0,0.0
18,L,0.0,0.0,0.0,0.0,0.0,0.0,0.0,0.0,0.0,0.0,0.0,0.0,0.0,0.0,0.0
18,M,0.0,0.0,0.0,0.0,0.0,0.0,0.0,0.0,0.0,0.0,0.0,0.0,0.0,0.0,0.0
18,N,0.0,0.0,0.0,0.0,0.0,0.0,0.0,0.0,0.0,0.0,0.0,0.0,0.0,0.0,0.0
18,O,0.0,0.0,0.0,0.0,0.0,0.0,0.0,0.0,0.0,0.0,0.0,0.0,0.0,0.0,0.0
19,A,0.0,0.0,0.0,3566,5321,1525,7132,9102,0.0,0.0,0.0,0.0,0.0,0.0,0.0
19,B,0.0,0.0,0.0,0.0,0.0,0.0,0.0,0.0,0.0,0.0,0.0,0.0,0.0,0.0,0.0
19,C,0.0,0.0,0.0,0.0,0.0,0.0,0.0,0.0,0.0,0.0,0.0,0.0,0.0,0.0,0.0
19,D,3566,0.0,0.0,0.0,1755,2041,3566,5536,0.0,0.0,0.0,0.0,0.0,0.0,0.0
19,E,5321,0.0,0.0,1755,0.0,3795,1812,3781,0.0,0.0,0.0,0.0,0.0,0.0,0.0
19,F,1525,0.0,0.0,2041,3795,0.0,5607,7576,0.0,0.0,0.0,0.0,0.0,0.0,0.0
19,G,7132,0.0,0.0,3566,1812,5607,0.0,1969,0.0,0.0,0.0,0.0,0.0,0.0,0.0
19,H,9102,0.0,0.0,5536,3781,7576,1969,0.0,0.0,0.0,0.0,0.0,0.0,0.0,0.0
19,I,0.0,0.0,0.0,0.0,0.0,0.0,0.0,0.0,0.0,0.0,0.0,0.0,0.0,0.0,0.0
19,J,0.0,0.0,0.0,0.0,0.0,0.0,0.0,0.0,0.0,0.0,0.0,0.0,0.0,0.0,0.0
19,K,0.0,0.0,0.0,0.0,0.0,0.0,0.0,0.0,0.0,0.0,0.0,0.0,0.0,0.0,0.0
19,L,0.0,0.0,0.0,0.0,0.0,0.0,0.0,0.0,0.0,0.0,0.0,0.0,0.0,0.0,0.0
19,M,0.0,0.0,0.0,0.0,0.0,0.0,0.0,0.0,0.0,0.0,0.0,0.0,0.0,0.0,0.0
19,N,0.0,0.0,0.0,0.0,0.0,0.0,0.0,0.0,0.0,0.0,0.0,0.0,0.0,0.0,0.0
19,O,0.0,0.0,0.0,0.0,0.0,0.0,0.0,0.0,0.0,0.0,0.0,0.0,0.0,0.0,0.0
20,A,0.0,1459,3077,24875,26857,23198,28448,30194,0.0,0.0,0.0,0.0,0.0,0.0,0.0
20,B,1459,0.0,1619,23416,25398,21740,26989,28735,0.0,0.0,0.0,0.0,0.0,0.0,0.0
20,C,3077,1619,0.0,21798,23779,20121,25371,27116,0.0,0.0,0.0,0.0,0.0,0.0,0.0
20,D,24875,23416,21798,0.0,1982,1677,3573,5319,0.0,0.0,0.0,0.0,0.0,0.0,0.0
20,E,26857,25398,23779,1982,0.0,3658,1592,3337,0.0,0.0,0.0,0.0,0.0,0.0,0.0
20,F,23198,21740,20121,1677,3658,0.0,5250,6995,0.0,0.0,0.0,0.0,0.0,0.0,0.0
20,G,28448,26989,25371,3573,1592,5250,0.0,1745,0.0,0.0,0.0,0.0,0.0,0.0,0.0
20,H,30194,28735,27116,5319,3337,6995,1745,0.0,0.0,0.0,0.0,0.0,0.0,0.0,0.0
20,I,0.0,0.0,0.0,0.0,0.0,0.0,0.0,0.0,0.0,0.0,0.0,0.0,0.0,0.0,0.0
20,J,0.0,0.0,0.0,0.0,0.0,0.0,0.0,0.0,0.0,0.0,0.0,0.0,0.0,0.0,0.0
20,K,0.0,0.0,0.0,0.0,0.0,0.0,0.0,0.0,0.0,0.0,0.0,0.0,0.0,0.0,0.0
20,L,0.0,0.0,0.0,0.0,0.0,0.0,0.0,0.0,0.0,0.0,0.0,0.0,0.0,0.0,0.0
20,M,0.0,0.0,0.0,0.0,0.0,0.0,0.0,0.0,0.0,0.0,0.0,0.0,0.0,0.0,0.0
20,N,0.0,0.0,0.0,0.0,0.0,0.0,0.0,0.0,0.0,0.0,0.0,0.0,0.0,0.0,0.0
20,O,0.0,0.0,0.0,0.0,0.0,0.0,0.0,0.0,0.0,0.0,0.0,0.0,0.0,0.0,0.0
21,A,0.0,0.0,0.0,3695,5718,1823,7512,9071,0.0,0.0,0.0,0.0,0.0,0.0,0.0
21,B,0.0,0.0,0.0,0.0,0.0,0.0,0.0,0.0,0.0,0.0,0.0,0.0,0.0,0.0,0.0
21,C,0.0,0.0,0.0,0.0,0.0,0.0,0.0,0.0,0.0,0.0,0.0,0.0,0.0,0.0,0.0
21,D,3695,0.0,0.0,0.0,2023,1872,3818,5377,0.0,0.0,0.0,0.0,0.0,0.0,0.0
21,E,5718,0.0,0.0,2023,0.0,3895,1794,3353,0.0,0.0,0.0,0.0,0.0,0.0,0.0
21,F,1823,0.0,0.0,1872,3895,0.0,5690,7249,0.0,0.0,0.0,0.0,0.0,0.0,0.0
21,G,7512,0.0,0.0,3818,1794,5690,0.0,1559,0.0,0.0,0.0,0.0,0.0,0.0,0.0
21,H,9071,0.0,0.0,5377,3353,7249,1559,0.0,0.0,0.0,0.0,0.0,0.0,0.0,0.0
21,I,0.0,0.0,0.0,0.0,0.0,0.0,0.0,0.0,0.0,0.0,0.0,0.0,0.0,0.0,0.0
21,J,0.0,0.0,0.0,0.0,0.0,0.0,0.0,0.0,0.0,0.0,0.0,0.0,0.0,0.0,0.0
21,K,0.0,0.0,0.0,0.0,0.0,0.0,0.0,0.0,0.0,0.0,0.0,0.0,0.0,0.0,0.0
21,L,0.0,0.0,0.0,0.0,0.0,0.0,0.0,0.0,0.0,0.0,0.0,0.0,0.0,0.0,0.0
21,M,0.0,0.0,0.0,0.0,0.0,0.0,0.0,0.0,0.0,0.0,0.0,0.0,0.0,0.0,0.0
21,N,0.0,0.0,0.0,0.0,0.0,0.0,0.0,0.0,0.0,0.0,0.0,0.0,0.0,0.0,0.0
21,O,0.0,0.0,0.0,0.0,0.0,0.0,0.0,0.0,0.0,0.0,0.0,0.0,0.0,0.0,0.0
22,A,0.0,0.0,0.0,3956,5544,2052,7392,9207,0.0,0.0,0.0,0.0,0.0,0.0,0.0
22,B,0.0,0.0,0.0,0.0,0.0,0.0,0.0,0.0,0.0,0.0,0.0,0.0,0.0,0.0,0.0
22,C,0.0,0.0,0.0,0.0,0.0,0.0,0.0,0.0,0.0,0.0,0.0,0.0,0.0,0.0,0.0
22,D,3956,0.0,0.0,0.0,1588,1904,3436,5251,0.0,0.0,0.0,0.0,0.0,0.0,0.0
22,E,5544,0.0,0.0,1588,0.0,3492,1848,3663,0.0,0.0,0.0,0.0,0.0,0.0,0.0
22,F,2052,0.0,0.0,1904,3492,0.0,5340,7155,0.0,0.0,0.0,0.0,0.0,0.0,0.0
22,G,7392,0.0,0.0,3436,1848,5340,0.0,1815,0.0,0.0,0.0,0.0,0.0,0.0,0.0
22,H,9207,0.0,0.0,5251,3663,7155,1815,0.0,0.0,0.0,0.0,0.0,0.0,0.0,0.0
22,I,0.0,0.0,0.0,0.0,0.0,0.0,0.0,0.0,0.0,0.0,0.0,0.0,0.0,0.0,0.0
22,J,0.0,0.0,0.0,0.0,0.0,0.0,0.0,0.0,0.0,0.0,0.0,0.0,0.0,0.0,0.0
22,K,0.0,0.0,0.0,0.0,0.0,0.0,0.0,0.0,0.0,0.0,0.0,0.0,0.0,0.0,0.0
22,L,0.0,0.0,0.0,0.0,0.0,0.0,0.0,0.0,0.0,0.0,0.0,0.0,0.0,0.0,0.0
22,M,0.0,0.0,0.0,0.0,0.0,0.0,0.0,0.0,0.0,0.0,0.0,0.0,0.0,0.0,0.0
22,N,0.0,0.0,0.0,0.0,0.0,0.0,0.0,0.0,0.0,0.0,0.0,0.0,0.0,0.0,0.0
22,O,0.0,0.0,0.0,0.0,0.0,0.0,0.0,0.0,0.0,0.0,0.0,0.0,0.0,0.0,0.0
23,A,0.0,1800,3931,14271,16181,12296,17647,0.0,19305,21071,0.0,22931,24800,0.0,26391
23,B,1800,0.0,2130,12471,14381,10496,15846,0.0,17504,19271,0.0,21131,23000,0.0,24590
23,C,3931,2130,0.0,10341,12251,8366,13716,0.0,15374,17140,0.0,19001,20870,0.0,22460
23,D,14271,12471,10341,0.0,1910,1975,3376,0.0,5033,6800,0.0,8660,10529,0.0,12120
23,E,16181,14381,12251,1910,0.0,3885,1465,0.0,3123,4890,0.0,6750,8619,0.0,10209
23,F,12296,10496,8366,1975,3885,0.0,5350,0.0,7008,8775,0.0,10635,12504,0.0,14094
23,G,17647,15846,13716,3376,1465,5350,0.0,0.0,1658,3424,0.0,5284,7153,0.0,8744
23,H,0.0,0.0,0.0,0.0,0.0,0.0,0.0,0.0,0.0,0.0,0.0,0.0,0.0,0.0,0.0
23,I,19305,17504,15374,5033,3123,7008,1658,0.0,0.0,1766,0.0,3627,5496,0.0,7086
23,J,21071,19271,17140,6800,4890,8775,3424,0.0,1766,0.0,0.0,1860,3729,0.0,5320
23,K,0.0,0.0,0.0,0.0,0.0,0.0,0.0,0.0,0.0,0.0,0.0,0.0,0.0,0.0,0.0
23,L,22931,21131,19001,8660,6750,10635,5284,0.0,3627,1860,0.0,0.0,1869,0.0,3460
23,M,24800,23000,20870,10529,8619,12504,7153,0.0,5496,3729,0.0,1869,0.0,0.0,1591
23,N,0.0,0.0,0.0,0.0,0.0,0.0,0.0,0.0,0.0,0.0,0.0,0.0,0.0,0.0,0.0
23,O,26391,24590,22460,12120,10209,14094,8744,0.0,7086,5320,0.0,3460,1591,0.0,0.0
24,A,0.0,0.0,0.0,3288,4804,1635,6779,0.0,8421,10586,0.0,12076,13770,15541,0.0
24,B,0.0,0.0,0.0,0.0,0.0,0.0,0.0,0.0,0.0,0.0,0.0,0.0,0.0,0.0,0.0
24,C,0.0,0.0,0.0,0.0,0.0,0.0,0.0,0.0,0.0,0.0,0.0,0.0,0.0,0.0,0.0
24,D,3288,0.0,0.0,0.0,1516,1652,3492,0.0,5133,7298,0.0,8789,10482,12253,0.0
24,E,4804,0.0,0.0,1516,0.0,3168,1975,0.0,3617,5782,0.0,7273,8966,10737,0.0
24,F,1635,0.0,0.0,1652,3168,0.0,5144,0.0,6785,8950,0.0,10441,12134,13906,0.0
24,G,6779,0.0,0.0,3492,1975,5144,0.0,0.0,1642,3807,0.0,5297,6991,8762,0.0
24,H,0.0,0.0,0.0,0.0,0.0,0.0,0.0,0.0,0.0,0.0,0.0,0.0,0.0,0.0,0.0
24,I,8421,0.0,0.0,5133,3617,6785,1642,0.0,0.0,2165,0.0,3655,5349,7120,0.0
24,J,10586,0.0,0.0,7298,5782,8950,3807,0.0,2165,0.0,0.0,1490,3184,4955,0.0
24,K,0.0,0.0,0.0,0.0,0.0,0.0,0.0,0.0,0.0,0.0,0.0,0.0,0.0,0.0,0.0
24,L,12076,0.0,0.0,8789,7273,10441,5297,0.0,3655,1490,0.0,0.0,1693,3465,0.0
24,M,13770,0.0,0.0,10482,8966,12134,6991,0.0,5349,3184,0.0,1693,0.0,1771,0.0
24,N,15541,0.0,0.0,12253,10737,13906,8762,0.0,7120,4955,0.0,3465,1771,0.0,0.0
24,O,0.0,0.0,0.0,0.0,0.0,0.0,0.0,0.0,0.0,0.0,0.0,0.0,0.0,0.0,0.0
25,A,0.0,0.0,0.0,3555,5396,1745,7181,0.0,8739,10361,12219,0.0,14100,15567,0.0
25,B,0.0,0.0,0.0,0.0,0.0,0.0,0.0,0.0,0.0,0.0,0.0,0.0,0.0,0.0,0.0
25,C,0.0,0.0,0.0,0.0,0.0,0.0,0.0,0.0,0.0,0.0,0.0,0.0,0.0,0.0,0.0
25,D,3555,0.0,0.0,0.0,1841,1810,3626,0.0,5184,6806,8664,0.0,10545,12012,0.0
25,E,5396,0.0,0.0,1841,0.0,3652,1785,0.0,3342,4965,6823,0.0,8704,10171,0.0
25,F,1745,0.0,0.0,1810,3652,0.0,5437,0.0,6994,8617,10475,0.0,12355,13822,0.0
25,G,7181,0.0,0.0,3626,1785,5437,0.0,0.0,1557,3180,5038,0.0,6919,8386,0.0
25,H,0.0,0.0,0.0,0.0,0.0,0.0,0.0,0.0,0.0,0.0,0.0,0.0,0.0,0.0,0.0
25,I,8739,0.0,0.0,5184,3342,6994,1557,0.0,0.0,1623,3481,0.0,5361,6828,0.0
25,J,10361,0.0,0.0,6806,4965,8617,3180,0.0,1623,0.0,1858,0.0,3739,5206,0.0
25,K,12219,0.0,0.0,8664,6823,10475,5038,0.0,3481,1858,0.0,0.0,1881,3347,0.0
25,L,0.0,0.0,0.0,0.0,0.0,0.0,0.0,0.0,0.0,0.0,0.0,0.0,0.0,0.0,0.0
25,M,14100,0.0,0.0,10545,8704,12355,6919,0.0,5361,3739,1881,0.0,0.0,1467,0.0
25,N,15567,0.0,0.0,12012,10171,13822,8386,0.0,6828,5206,3347,0.0,1467,0.0,0.0
25,O,0.0,0.0,0.0,0.0,0.0,0.0,0.0,0.0,0.0,0.0,0.0,0.0,0.0,0.0,0.0
26,A,0.0,1686,3493,8547,10083,6768,12131,0.0,14029,15684,17495,0.0,19384,0.0,20843
26,B,1686,0.0,1807,6861,8397,5082,10445,0.0,12343,13998,15809,0.0,17698,0.0,19157
26,C,3493,1807,0.0,5055,6590,3275,8638,0.0,10537,12192,14003,0.0,15891,0.0,17351
26,D,8547,6861,5055,0.0,1536,1780,3583,0.0,5482,7137,8948,0.0,10836,0.0,12296
26,E,10083,8397,6590,1536,0.0,3315,2048,0.0,3946,5601,7412,0.0,9301,0.0,10760
26,F,6768,5082,3275,1780,3315,0.0,5363,0.0,7261,8917,10727,0.0,12616,0.0,14076
26,G,12131,10445,8638,3583,2048,5363,0.0,0.0,1898,3554,5365,0.0,7253,0.0,8713
26,H,0.0,0.0,0.0,0.0,0.0,0.0,0.0,0.0,0.0,0.0,0.0,0.0,0.0,0.0,0.0
26,I,14029,12343,10537,5482,3946,7261,1898,0.0,0.0,1655,3466,0.0,5355,0.0,6814
26,J,15684,13998,12192,7137,5601,8917,3554,0.0,1655,0.0,1811,0.0,3699,0.0,5159
26,K,17495,15809,14003,8948,7412,10727,5365,0.0,3466,1811,0.0,0.0,1888,0.0,3348
26,L,0.0,0.0,0.0,0.0,0.0,0.0,0.0,0.0,0.0,0.0,0.0,0.0,0.0,0.0,0.0
26,M,19384,17698,15891,10836,9301,12616,7253,0.0,5355,3699,1888,0.0,0.0,0.0,1460
26,N,0.0,0.0,0.0,0.0,0.0,0.0,0.0,0.0,0.0,0.0,0.0,0.0,0.0,0.0,0.0
26,O,20843,19157,17351,12296,10760,14076,8713,0.0,6814,5159,3348,0.0,1460,0.0,0.0
27,A,0.0,0.0,0.0,3407,5370,1638,7238,0.0,9003,11051,12857,0.0,14427,0.0,16589
27,B,0.0,0.0,0.0,0.0,0.0,0.0,0.0,0.0,0.0,0.0,0.0,0.0,0.0,0.0,0.0
27,C,0.0,0.0,0.0,0.0,0.0,0.0,0.0,0.0,0.0,0.0,0.0,0.0,0.0,0.0,0.0
27,D,3407,0.0,0.0,0.0,1963,1768,3832,0.0,5597,7644,9450,0.0,11021,0.0,13182
27,E,5370,0.0,0.0,1963,0.0,3731,1869,0.0,3633,5681,7487,0.0,9057,0.0,11219
27,F,1638,0.0,0.0,1768,3731,0.0,5600,0.0,7365,9412,11218,0.0,12789,0.0,14950
27,G,7238,0.0,0.0,3832,1869,5600,0.0,0.0,1765,3812,5618,0.0,7189,0.0,9350
27,H,0.0,0.0,0.0,0.0,0.0,0.0,0.0,0.0,0.0,0.0,0.0,0.0,0.0,0.0,0.0
27,I,9003,0.0,0.0,5597,3633,7365,1765,0.0,0.0,2047,3853,0.0,5424,0.0,7585
27,J,11051,0.0,0.0,7644,5681,9412,3812,0.0,2047,0.0,1806,0.0,3377,0.0,5538
27,K,12857,0.0,0.0,9450,7487,11218,5618,0.0,3853,1806,0.0,0.0,1571,0.0,3732
27,L,0.0,0.0,0.0,0.0,0.0,0.0,0.0,0.0,0.0,0.0,0.0,0.0,0.0,0.0,0.0
27,M,14427,0.0,0.0,11021,9057,12789,7189,0.0,5424,3377,1571,0.0,0.0,0.0,2162
27,N,0.0,0.0,0.0,0.0,0.0,0.0,0.0,0.0,0.0,0.0,0.0,0.0,0.0,0.0,0.0
27,O,16589,0.0,0.0,13182,11219,14950,9350,0.0,7585,5538,3732,0.0,2162,0.0,0.0
28,A,0.0,1746,3249,8617,10128,6978,11689,13495,0.0,0.0,0.0,0.0,0.0,0.0,0.0
28,B,1746,0.0,1503,6870,8382,5232,9943,11749,0.0,0.0,0.0,0.0,0.0,0.0,0.0
28,C,3249,1503,0.0,5367,6879,3729,8440,10246,0.0,0.0,0.0,0.0,0.0,0.0,0.0
28,D,8617,6870,5367,0.0,1511,1638,3073,4879,0.0,0.0,0.0,0.0,0.0,0.0,0.0
28,E,10128,8382,6879,1511,0.0,3150,1561,3367,0.0,0.0,0.0,0.0,0.0,0.0,0.0
28,F,6978,5232,3729,1638,3150,0.0,4711,6517,0.0,0.0,0.0,0.0,0.0,0.0,0.0
28,G,11689,9943,8440,3073,1561,4711,0.0,1806,0.0,0.0,0.0,0.0,0.0,0.0,0.0
28,H,13495,11749,10246,4879,3367,6517,1806,0.0,0.0,0.0,0.0,0.0,0.0,0.0,0.0
28,I,0.0,0.0,0.0,0.0,0.0,0.0,0.0,0.0,0.0,0.0,0.0,0.0,0.0,0.0,0.0
28,J,0.0,0.0,0.0,0.0,0.0,0.0,0.0,0.0,0.0,0.0,0.0,0.0,0.0,0.0,0.0
28,K,0.0,0.0,0.0,0.0,0.0,0.0,0.0,0.0,0.0,0.0,0.0,0.0,0.0,0.0,0.0
28,L,0.0,0.0,0.0,0.0,0.0,0.0,0.0,0.0,0.0,0.0,0.0,0.0,0.0,0.0,0.0
28,M,0.0,0.0,0.0,0.0,0.0,0.0,0.0,0.0,0.0,0.0,0.0,0.0,0.0,0.0,0.0
28,N,0.0,0.0,0.0,0.0,0.0,0.0,0.0,0.0,0.0,0.0,0.0,0.0,0.0,0.0,0.0
28,O,0.0,0.0,0.0,0.0,0.0,0.0,0.0,0.0,0.0,0.0,0.0,0.0,0.0,0.0,0.0
29,A,0.0,1326,3144,19442,20848,17882,22458,0.0,24361,26222,27847,0.0,29317,0.0,30831
29,B,1326,0.0,1818,18115,19521,16555,21132,0.0,23035,24896,26521,0.0,27991,0.0,29505
29,C,3144,1818,0.0,16297,17703,14737,19314,0.0,21217,23078,24703,0.0,26173,0.0,27687
29,D,19442,18115,16297,0.0,1406,1560,3016,0.0,4920,6780,8406,0.0,9875,0.0,11389
29,E,20848,19521,17703,1406,0.0,2966,1610,0.0,3514,5374,7000,0.0,8469,0.0,9984
29,F,17882,16555,14737,1560,2966,0.0,4576,0.0,6480,8340,9966,0.0,11435,0.0,12950
29,G,22458,21132,19314,3016,1610,4576,0.0,0.0,1903,3764,5389,0.0,6859,0.0,8373
29,H,0.0,0.0,0.0,0.0,0.0,0.0,0.0,0.0,0.0,0.0,0.0,0.0,0.0,0.0,0.0
29,I,24361,23035,21217,4920,3514,6480,1903,0.0,0.0,1860,3486,0.0,4956,0.0,6470
29,J,26222,24896,23078,6780,5374,8340,3764,0.0,1860,0.0,1625,0.0,3095,0.0,4609
29,K,27847,26521,24703,8406,7000,9966,5389,0.0,3486,1625,0.0,0.0,1470,0.0,2984
29,L,0.0,0.0,0.0,0.0,0.0,0.0,0.0,0.0,0.0,0.0,0.0,0.0,0.0,0.0,0.0
29,M,29317,27991,26173,9875,8469,11435,6859,0.0,4956,3095,1470,0.0,0.0,0.0,1514
29,N,0.0,0.0,0.0,0.0,0.0,0.0,0.0,0.0,0.0,0.0,0.0,0.0,0.0,0.0,0.0
29,O,30831,29505,27687,11389,9984,12950,8373,0.0,6470,4609,2984,0.0,1514,0.0,0.0
30,A,0.0,0.0,0.0,3352,5349,1779,7187,0.0,8962,10671,12340,0.0,14226,16141,0.0
30,B,0.0,0.0,0.0,0.0,0.0,0.0,0.0,0.0,0.0,0.0,0.0,0.0,0.0,0.0,0.0
30,C,0.0,0.0,0.0,0.0,0.0,0.0,0.0,0.0,0.0,0.0,0.0,0.0,0.0,0.0,0.0
30,D,3352,0.0,0.0,0.0,1997,1573,3834,0.0,5610,7319,8988,0.0,10873,12789,0.0
30,E,5349,0.0,0.0,1997,0.0,3570,1838,0.0,3613,5322,6992,0.0,8877,10793,0.0
30,F,1779,0.0,0.0,1573,3570,0.0,5408,0.0,7183,8892,10562,0.0,12447,14363,0.0
30,G,7187,0.0,0.0,3834,1838,5408,0.0,0.0,1775,3484,5154,0.0,7039,8955,0.0
30,H,0.0,0.0,0.0,0.0,0.0,0.0,0.0,0.0,0.0,0.0,0.0,0.0,0.0,0.0,0.0
30,I,8962,0.0,0.0,5610,3613,7183,1775,0.0,0.0,1709,3379,0.0,5264,7180,0.0
30,J,10671,0.0,0.0,7319,5322,8892,3484,0.0,1709,0.0,1669,0.0,3555,5471,0.0
30,K,12340,0.0,0.0,8988,6992,10562,5154,0.0,3379,1669,0.0,0.0,1885,3801,0.0
30,L,0.0,0.0,0.0,0.0,0.0,0.0,0.0,0.0,0.0,0.0,0.0,0.0,0.0,0.0,0.0
30,M,14226,0.0,0.0,10873,8877,12447,7039,0.0,5264,3555,1885,0.0,0.0,1916,0.0
30,N,16141,0.0,0.0,12789,10793,14363,8955,0.0,7180,5471,3801,0.0,1916,0.0,0.0
30,O,0.0,0.0,0.0,0.0,0.0,0.0,0.0,0.0,0.0,0.0,0.0,0.0,0.0,0.0,0.0
31,A,0.0,0.0,0.0,3587,5402,1893,7323,0.0,9094,10697,12530,0.0,14218,0.0,15962
31,B,0.0,0.0,0.0,0.0,0.0,0.0,0.0,0.0,0.0,0.0,0.0,0.0,0.0,0.0,0.0
31,C,0.0,0.0,0.0,0.0,0.0,0.0,0.0,0.0,0.0,0.0,0.0,0.0,0.0,0.0,0.0
31,D,3587,0.0,0.0,0.0,1815,1695,3736,0.0,5506,7110,8943,0.0,10630,0.0,12375
31,E,5402,0.0,0.0,1815,0.0,3509,1921,0.0,3692,5295,7128,0.0,8815,0.0,10560
31,F,1893,0.0,0.0,1695,3509,0.0,5431,0.0,7201,8805,10637,0.0,12325,0.0,14069
31,G,7323,0.0,0.0,3736,1921,5431,0.0,0.0,1770,3374,5207,0.0,6894,0.0,8639
31,H,0.0,0.0,0.0,0.0,0.0,0.0,0.0,0.0,0.0,0.0,0.0,0.0,0.0,0.0,0.0
31,I,9094,0.0,0.0,5506,3692,7201,1770,0.0,0.0,1604,3437,0.0,5124,0.0,6869
31,J,10697,0.0,0.0,7110,5295,8805,3374,0.0,1604,0.0,1833,0.0,3520,0.0,5265
31,K,12530,0.0,0.0,8943,7128,10637,5207,0.0,3437,1833,0.0,0.0,1687,0.0,3432
31,L,0.0,0.0,0.0,0.0,0.0,0.0,0.0,0.0,0.0,0.0,0.0,0.0,0.0,0.0,0.0
31,M,14218,0.0,0.0,10630,8815,12325,6894,0.0,5124,3520,1687,0.0,0.0,0.0,1745
31,N,0.0,0.0,0.0,0.0,0.0,0.0,0.0,0.0,0.0,0.0,0.0,0.0,0.0,0.0,0.0
31,O,15962,0.0,0.0,12375,10560,14069,8639,0.0,6869,5265,3432,0.0,1745,0.0,0.0
32,A,0.0,1814,3893,9293,10934,7534,12596,14085,0.0,0.0,0.0,0.0,0.0,0.0,0.0
32,B,1814,0.0,2079,7479,9120,5720,10782,12271,0.0,0.0,0.0,0.0,0.0,0.0,0.0
32,C,3893,2079,0.0,5400,7040,3641,8703,10192,0.0,0.0,0.0,0.0,0.0,0.0,0.0
32,D,9293,7479,5400,0.0,1640,1759,3303,4792,0.0,0.0,0.0,0.0,0.0,0.0,0.0
32,E,10934,9120,7040,1640,0.0,3400,1662,3151,0.0,0.0,0.0,0.0,0.0,0.0,0.0
32,F,7534,5720,3641,1759,3400,0.0,5062,6551,0.0,0.0,0.0,0.0,0.0,0.0,0.0
32,G,12596,10782,8703,3303,1662,5062,0.0,1489,0.0,0.0,0.0,0.0,0.0,0.0,0.0
32,H,14085,12271,10192,4792,3151,6551,1489,0.0,0.0,0.0,0.0,0.0,0.0,0.0,0.0
32,I,0.0,0.0,0.0,0.0,0.0,0.0,0.0,0.0,0.0,0.0,0.0,0.0,0.0,0.0,0.0
32,J,0.0,0.0,0.0,0.0,0.0,0.0,0.0,0.0,0.0,0.0,0.0,0.0,0.0,0.0,0.0
32,K,0.0,0.0,0.0,0.0,0.0,0.0,0.0,0.0,0.0,0.0,0.0,0.0,0.0,0.0,0.0
32,L,0.0,0.0,0.0,0.0,0.0,0.0,0.0,0.0,0.0,0.0,0.0,0.0,0.0,0.0,0.0
32,M,0.0,0.0,0.0,0.0,0.0,0.0,0.0,0.0,0.0,0.0,0.0,0.0,0.0,0.0,0.0
32,N,0.0,0.0,0.0,0.0,0.0,0.0,0.0,0.0,0.0,0.0,0.0,0.0,0.0,0.0,0.0
32,O,0.0,0.0,0.0,0.0,0.0,0.0,0.0,0.0,0.0,0.0,0.0,0.0,0.0,0.0,0.0
33,A,0.0,291,571,2273,2577,1989,2838,3067,0.0,0.0,0.0,0.0,0.0,0.0,0.0
33,B,291,0.0,280,1983,2287,1699,2548,2777,0.0,0.0,0.0,0.0,0.0,0.0,0.0
33,C,571,280,0.0,1702,2006,1418,2267,2496,0.0,0.0,0.0,0.0,0.0,0.0,0.0
33,D,2273,1983,1702,0.0,304,284,565,794,0.0,0.0,0.0,0.0,0.0,0.0,0.0
33,E,2577,2287,2006,304,0.0,588,261,490,0.0,0.0,0.0,0.0,0.0,0.0,0.0
33,F,1989,1699,1418,284,588,0.0,849,1078,0.0,0.0,0.0,0.0,0.0,0.0,0.0
33,G,2838,2548,2267,565,261,849,0.0,229,0.0,0.0,0.0,0.0,0.0,0.0,0.0
33,H,3067,2777,2496,794,490,1078,229,0.0,0.0,0.0,0.0,0.0,0.0,0.0,0.0
33,I,0.0,0.0,0.0,0.0,0.0,0.0,0.0,0.0,0.0,0.0,0.0,0.0,0.0,0.0,0.0
33,J,0.0,0.0,0.0,0.0,0.0,0.0,0.0,0.0,0.0,0.0,0.0,0.0,0.0,0.0,0.0
33,K,0.0,0.0,0.0,0.0,0.0,0.0,0.0,0.0,0.0,0.0,0.0,0.0,0.0,0.0,0.0
33,L,0.0,0.0,0.0,0.0,0.0,0.0,0.0,0.0,0.0,0.0,0.0,0.0,0.0,0.0,0.0
33,M,0.0,0.0,0.0,0.0,0.0,0.0,0.0,0.0,0.0,0.0,0.0,0.0,0.0,0.0,0.0
33,N,0.0,0.0,0.0,0.0,0.0,0.0,0.0,0.0,0.0,0.0,0.0,0.0,0.0,0.0,0.0
33,O,0.0,0.0,0.0,0.0,0.0,0.0,0.0,0.0,0.0,0.0,0.0,0.0,0.0,0.0,0.0
34,A,0.0,0.0,0.0,586,903,345,1201,1469,0.0,0.0,0.0,0.0,0.0,0.0,0.0
34,B,0.0,0.0,0.0,0.0,0.0,0.0,0.0,0.0,0.0,0.0,0.0,0.0,0.0,0.0,0.0
34,C,0.0,0.0,0.0,0.0,0.0,0.0,0.0,0.0,0.0,0.0,0.0,0.0,0.0,0.0,0.0
34,D,586,0.0,0.0,0.0,317,241,615,883,0.0,0.0,0.0,0.0,0.0,0.0,0.0
34,E,903,0.0,0.0,317,0.0,558,298,566,0.0,0.0,0.0,0.0,0.0,0.0,0.0
34,F,345,0.0,0.0,241,558,0.0,855,1124,0.0,0.0,0.0,0.0,0.0,0.0,0.0
34,G,1201,0.0,0.0,615,298,855,0.0,268,0.0,0.0,0.0,0.0,0.0,0.0,0.0
34,H,1469,0.0,0.0,883,566,1124,268,0.0,0.0,0.0,0.0,0.0,0.0,0.0,0.0
34,I,0.0,0.0,0.0,0.0,0.0,0.0,0.0,0.0,0.0,0.0,0.0,0.0,0.0,0.0,0.0
34,J,0.0,0.0,0.0,0.0,0.0,0.0,0.0,0.0,0.0,0.0,0.0,0.0,0.0,0.0,0.0
34,K,0.0,0.0,0.0,0.0,0.0,0.0,0.0,0.0,0.0,0.0,0.0,0.0,0.0,0.0,0.0
34,L,0.0,0.0,0.0,0.0,0.0,0.0,0.0,0.0,0.0,0.0,0.0,0.0,0.0,0.0,0.0
34,M,0.0,0.0,0.0,0.0,0.0,0.0,0.0,0.0,0.0,0.0,0.0,0.0,0.0,0.0,0.0
34,N,0.0,0.0,0.0,0.0,0.0,0.0,0.0,0.0,0.0,0.0,0.0,0.0,0.0,0.0,0.0
34,O,0.0,0.0,0.0,0.0,0.0,0.0,0.0,0.0,0.0,0.0,0.0,0.0,0.0,0.0,0.0
35,A,0.0,245,511,1464,1770,1113,2059,0.0,2393,2676,0.0,2983,3314,3674,0.0
35,B,245,0.0,267,1219,1525,868,1814,0.0,2148,2431,0.0,2739,3070,3429,0.0
35,C,511,267,0.0,952,1259,602,1548,0.0,1881,2164,0.0,2472,2803,3163,0.0
35,D,1464,1219,952,0.0,306,350,595,0.0,929,1212,0.0,1520,1851,2211,0.0
35,E,1770,1525,1259,306,0.0,657,289,0.0,623,906,0.0,1214,1545,1904,0.0
35,F,1113,868,602,350,657,0.0,946,0.0,1279,1563,0.0,1870,2201,2561,0.0
35,G,2059,1814,1548,595,289,946,0.0,0.0,334,617,0.0,924,1255,1615,0.0
35,H,0.0,0.0,0.0,0.0,0.0,0.0,0.0,0.0,0.0,0.0,0.0,0.0,0.0,0.0,0.0
35,I,2393,2148,1881,929,623,1279,334,0.0,0.0,283,0.0,591,922,1282,0.0
35,J,2676,2431,2164,1212,906,1563,617,0.0,283,0.0,0.0,308,639,999,0.0
35,K,0.0,0.0,0.0,0.0,0.0,0.0,0.0,0.0,0.0,0.0,0.0,0.0,0.0,0.0,0.0
35,L,2983,2739,2472,1520,1214,1870,924,0.0,591,308,0.0,0.0,331,691,0.0
35,M,3314,3070,2803,1851,1545,2201,1255,0.0,922,639,0.0,331,0.0,360,0.0
35,N,3674,3429,3163,2211,1904,2561,1615,0.0,1282,999,0.0,691,360,0.0,0.0
35,O,0.0,0.0,0.0,0.0,0.0,0.0,0.0,0.0,0.0,0.0,0.0,0.0,0.0,0.0,0.0
36,A,0.0,0.0,0.0,566,839,293,1115,1404,0.0,0.0,0.0,0.0,0.0,0.0,0.0
36,B,0.0,0.0,0.0,0.0,0.0,0.0,0.0,0.0,0.0,0.0,0.0,0.0,0.0,0.0,0.0
36,C,0.0,0.0,0.0,0.0,0.0,0.0,0.0,0.0,0.0,0.0,0.0,0.0,0.0,0.0,0.0
36,D,566,0.0,0.0,0.0,273,273,549,837,0.0,0.0,0.0,0.0,0.0,0.0,0.0
36,E,839,0.0,0.0,273,0.0,546,276,564,0.0,0.0,0.0,0.0,0.0,0.0,0.0
36,F,293,0.0,0.0,273,546,0.0,822,1110,0.0,0.0,0.0,0.0,0.0,0.0,0.0
36,G,1115,0.0,0.0,549,276,822,0.0,288,0.0,0.0,0.0,0.0,0.0,0.0,0.0
36,H,1404,0.0,0.0,837,564,1110,288,0.0,0.0,0.0,0.0,0.0,0.0,0.0,0.0
36,I,0.0,0.0,0.0,0.0,0.0,0.0,0.0,0.0,0.0,0.0,0.0,0.0,0.0,0.0,0.0
36,J,0.0,0.0,0.0,0.0,0.0,0.0,0.0,0.0,0.0,0.0,0.0,0.0,0.0,0.0,0.0
36,K,0.0,0.0,0.0,0.0,0.0,0.0,0.0,0.0,0.0,0.0,0.0,0.0,0.0,0.0,0.0
36,L,0.0,0.0,0.0,0.0,0.0,0.0,0.0,0.0,0.0,0.0,0.0,0.0,0.0,0.0,0.0
36,M,0.0,0.0,0.0,0.0,0.0,0.0,0.0,0.0,0.0,0.0,0.0,0.0,0.0,0.0,0.0
36,N,0.0,0.0,0.0,0.0,0.0,0.0,0.0,0.0,0.0,0.0,0.0,0.0,0.0,0.0,0.0
36,O,0.0,0.0,0.0,0.0,0.0,0.0,0.0,0.0,0.0,0.0,0.0,0.0,0.0,0.0,0.0
37,A,0.0,308,583,2449,2742,2183,3040,3326,0.0,0.0,0.0,0.0,0.0,0.0,0.0
37,B,308,0.0,275,2141,2434,1875,2732,3018,0.0,0.0,0.0,0.0,0.0,0.0,0.0
37,C,583,275,0.0,1866,2159,1600,2457,2743,0.0,0.0,0.0,0.0,0.0,0.0,0.0
37,D,2449,2141,1866,0.0,293,266,591,877,0.0,0.0,0.0,0.0,0.0,0.0,0.0
37,E,2742,2434,2159,293,0.0,559,298,584,0.0,0.0,0.0,0.0,0.0,0.0,0.0
37,F,2183,1875,1600,266,559,0.0,857,1143,0.0,0.0,0.0,0.0,0.0,0.0,0.0
37,G,3040,2732,2457,591,298,857,0.0,286,0.0,0.0,0.0,0.0,0.0,0.0,0.0
37,H,3326,3018,2743,877,584,1143,286,0.0,0.0,0.0,0.0,0.0,0.0,0.0,0.0
37,I,0.0,0.0,0.0,0.0,0.0,0.0,0.0,0.0,0.0,0.0,0.0,0.0,0.0,0.0,0.0
