case,activitypair,A,B,C,D,E,F,G,H,I,J,K,L,M,N,O
0,A,0.0,1668,3467,33860,37284,35492,39193,0.0,40964,42760,0.0,44304,45864,0.0,47709
0,B,1668,0.0,1800,32192,35616,33825,37525,0.0,39296,41093,0.0,42637,44197,0.0,46041
0,C,3467,1800,0.0,30393,33817,32025,35725,0.0,37496,39293,0.0,40837,42397,0.0,44242
0,D,33860,32192,30393,0.0,3424,1632,5333,0.0,7104,8900,0.0,10444,12004,0.0,13849
0,E,37284,35616,33817,3424,0.0,1791,1909,0.0,3680,5477,0.0,7021,8581,0.0,10425
0,F,35492,33825,32025,1632,1791,0.0,3700,0.0,5471,7268,0.0,8812,10372,0.0,12217
0,G,39193,37525,35725,5333,1909,3700,0.0,0.0,1771,3568,0.0,5112,6672,0.0,8516
0,H,0.0,0.0,0.0,0.0,0.0,0.0,0.0,0.0,0.0,0.0,0.0,0.0,0.0,0.0,0.0
0,I,40964,39296,37496,7104,3680,5471,1771,0.0,0.0,1797,0.0,3341,4901,0.0,6745
0,J,42760,41093,39293,8900,5477,7268,3568,0.0,1797,0.0,0.0,1544,3104,0.0,4948
0,K,0.0,0.0,0.0,0.0,0.0,0.0,0.0,0.0,0.0,0.0,0.0,0.0,0.0,0.0,0.0
0,L,44304,42637,40837,10444,7021,8812,5112,0.0,3341,1544,0.0,0.0,1560,0.0,3404
0,M,45864,44197,42397,12004,8581,10372,6672,0.0,4901,3104,0.0,1560,0.0,0.0,1845
0,N,0.0,0.0,0.0,0.0,0.0,0.0,0.0,0.0,0.0,0.0,0.0,0.0,0.0,0.0,0.0
0,O,47709,46041,44242,13849,10425,12217,8516,0.0,6745,4948,0.0,3404,1845,0.0,0.0
1,A,0.0,0.0,0.0,1409,5196,3374,6899,8594,0.0,0.0,0.0,0.0,0.0,0.0,0.0
1,B,0.0,0.0,0.0,0.0,0.0,0.0,0.0,0.0,0.0,0.0,0.0,0.0,0.0,0.0,0.0
1,C,0.0,0.0,0.0,0.0,0.0,0.0,0.0,0.0,0.0,0.0,0.0,0.0,0.0,0.0,0.0
1,D,1409,0.0,0.0,0.0,3788,1966,5491,7186,0.0,0.0,0.0,0.0,0.0,0.0,0.0
1,E,5196,0.0,0.0,3788,0.0,1822,1703,3398,0.0,0.0,0.0,0.0,0.0,0.0,0.0
1,F,3374,0.0,0.0,1966,1822,0.0,3525,5220,0.0,0.0,0.0,0.0,0.0,0.0,0.0
1,G,6899,0.0,0.0,5491,1703,3525,0.0,1695,0.0,0.0,0.0,0.0,0.0,0.0,0.0
1,H,8594,0.0,0.0,7186,3398,5220,1695,0.0,0.0,0.0,0.0,0.0,0.0,0.0,0.0
1,I,0.0,0.0,0.0,0.0,0.0,0.0,0.0,0.0,0.0,0.0,0.0,0.0,0.0,0.0,0.0
1,J,0.0,0.0,0.0,0.0,0.0,0.0,0.0,0.0,0.0,0.0,0.0,0.0,0.0,0.0,0.0
1,K,0.0,0.0,0.0,0.0,0.0,0.0,0.0,0.0,0.0,0.0,0.0,0.0,0.0,0.0,0.0
1,L,0.0,0.0,0.0,0.0,0.0,0.0,0.0,0.0,0.0,0.0,0.0,0.0,0.0,0.0,0.0
1,M,0.0,0.0,0.0,0.0,0.0,0.0,0.0,0.0,0.0,0.0,0.0,0.0,0.0,0.0,0.0
1,N,0.0,0.0,0.0,0.0,0.0,0.0,0.0,0.0,0.0,0.0,0.0,0.0,0.0,0.0,0.0
1,O,0.0,0.0,0.0,0.0,0.0,0.0,0.0,0.0,0.0,0.0,0.0,0.0,0.0,0.0,0.0
2,A,0.0,0.0,0.0,1820,5671,3809,7598,9457,0.0,0.0,0.0,0.0,0.0,0.0,0.0
2,B,0.0,0.0,0.0,0.0,0.0,0.0,0.0,0.0,0.0,0.0,0.0,0.0,0.0,0.0,0.0
2,C,0.0,0.0,0.0,0.0,0.0,0.0,0.0,0.0,0.0,0.0,0.0,0.0,0.0,0.0,0.0
2,D,1820,0.0,0.0,0.0,3850,1989,5778,7636,0.0,0.0,0.0,0.0,0.0,0.0,0.0
2,E,5671,0.0,0.0,3850,0.0,1862,1928,3786,0.0,0.0,0.0,0.0,0.0,0.0,0.0
2,F,3809,0.0,0.0,1989,1862,0.0,3789,5648,0.0,0.0,0.0,0.0,0.0,0.0,0.0
2,G,7598,0.0,0.0,5778,1928,3789,0.0,1858,0.0,0.0,0.0,0.0,0.0,0.0,0.0
2,H,9457,0.0,0.0,7636,3786,5648,1858,0.0,0.0,0.0,0.0,0.0,0.0,0.0,0.0
2,I,0.0,0.0,0.0,0.0,0.0,0.0,0.0,0.0,0.0,0.0,0.0,0.0,0.0,0.0,0.0
2,J,0.0,0.0,0.0,0.0,0.0,0.0,0.0,0.0,0.0,0.0,0.0,0.0,0.0,0.0,0.0
2,K,0.0,0.0,0.0,0.0,0.0,0.0,0.0,0.0,0.0,0.0,0.0,0.0,0.0,0.0,0.0
2,L,0.0,0.0,0.0,0.0,0.0,0.0,0.0,0.0,0.0,0.0,0.0,0.0,0.0,0.0,0.0
2,M,0.0,0.0,0.0,0.0,0.0,0.0,0.0,0.0,0.0,0.0,0.0,0.0,0.0,0.0,0.0
2,N,0.0,0.0,0.0,0.0,0.0,0.0,0.0,0.0,0.0,0.0,0.0,0.0,0.0,0.0,0.0
2,O,0.0,0.0,0.0,0.0,0.0,0.0,0.0,0.0,0.0,0.0,0.0,0.0,0.0,0.0,0.0
3,A,0.0,0.0,0.0,1795,5844,3743,7426,0.0,9291,11063,12902,0.0,14744,16587,0.0
3,B,0.0,0.0,0.0,0.0,0.0,0.0,0.0,0.0,0.0,0.0,0.0,0.0,0.0,0.0,0.0
3,C,0.0,0.0,0.0,0.0,0.0,0.0,0.0,0.0,0.0,0.0,0.0,0.0,0.0,0.0,0.0
3,D,1795,0.0,0.0,0.0,4049,1948,5631,0.0,7496,9268,11107,0.0,12949,14792,0.0
3,E,5844,0.0,0.0,4049,0.0,2101,1582,0.0,3447,5219,7058,0.0,8900,10744,0.0
3,F,3743,0.0,0.0,1948,2101,0.0,3683,0.0,5548,7320,9159,0.0,11001,12844,0.0
3,G,7426,0.0,0.0,5631,1582,3683,0.0,0.0,1865,3637,5476,0.0,7318,9161,0.0
3,H,0.0,0.0,0.0,0.0,0.0,0.0,0.0,0.0,0.0,0.0,0.0,0.0,0.0,0.0,0.0
3,I,9291,0.0,0.0,7496,3447,5548,1865,0.0,0.0,1772,3611,0.0,5453,7296,0.0
3,J,11063,0.0,0.0,9268,5219,7320,3637,0.0,1772,0.0,1839,0.0,3681,5525,0.0
3,K,12902,0.0,0.0,11107,7058,9159,5476,0.0,3611,1839,0.0,0.0,1842,3685,0.0
3,L,0.0,0.0,0.0,0.0,0.0,0.0,0.0,0.0,0.0,0.0,0.0,0.0,0.0,0.0,0.0
3,M,14744,0.0,0.0,12949,8900,11001,7318,0.0,5453,3681,1842,0.0,0.0,1844,0.0
3,N,16587,0.0,0.0,14792,10744,12844,9161,0.0,7296,5525,3685,0.0,1844,0.0,0.0
3,O,0.0,0.0,0.0,0.0,0.0,0.0,0.0,0.0,0.0,0.0,0.0,0.0,0.0,0.0,0.0
4,A,0.0,1834,3886,7665,11274,9608,12942,14661,0.0,0.0,0.0,0.0,0.0,0.0,0.0
4,B,1834,0.0,2053,5831,9441,7774,11108,12827,0.0,0.0,0.0,0.0,0.0,0.0,0.0
4,C,3886,2053,0.0,3778,7388,5721,9055,10775,0.0,0.0,0.0,0.0,0.0,0.0,0.0
4,D,7665,5831,3778,0.0,3610,1943,5277,6996,0.0,0.0,0.0,0.0,0.0,0.0,0.0
4,E,11274,9441,7388,3610,0.0,1666,1668,3387,0.0,0.0,0.0,0.0,0.0,0.0,0.0
4,F,9608,7774,5721,1943,1666,0.0,3334,5053,0.0,0.0,0.0,0.0,0.0,0.0,0.0
4,G,12942,11108,9055,5277,1668,3334,0.0,1719,0.0,0.0,0.0,0.0,0.0,0.0,0.0
4,H,14661,12827,10775,6996,3387,5053,1719,0.0,0.0,0.0,0.0,0.0,0.0,0.0,0.0
4,I,0.0,0.0,0.0,0.0,0.0,0.0,0.0,0.0,0.0,0.0,0.0,0.0,0.0,0.0,0.0
4,J,0.0,0.0,0.0,0.0,0.0,0.0,0.0,0.0,0.0,0.0,0.0,0.0,0.0,0.0,0.0
4,K,0.0,0.0,0.0,0.0,0.0,0.0,0.0,0.0,0.0,0.0,0.0,0.0,0.0,0.0,0.0
4,L,0.0,0.0,0.0,0.0,0.0,0.0,0.0,0.0,0.0,0.0,0.0,0.0,0.0,0.0,0.0
4,M,0.0,0.0,0.0,0.0,0.0,0.0,0.0,0.0,0.0,0.0,0.0,0.0,0.0,0.0,0.0
4,N,0.0,0.0,0.0,0.0,0.0,0.0,0.0,0.0,0.0,0.0,0.0,0.0,0.0,0.0,0.0
4,O,0.0,0.0,0.0,0.0,0.0,0.0,0.0,0.0,0.0,0.0,0.0,0.0,0.0,0.0,0.0
5,A,0.0,1604,3533,7275,11107,9013,12842,0.0,14946,16658,18483,0.0,20128,0.0,21830
5,B,1604,0.0,1929,5671,9503,7409,11238,0.0,13342,15054,16879,0.0,18524,0.0,20226
5,C,3533,1929,0.0,3742,7574,5480,9309,0.0,11413,13125,14950,0.0,16595,0.0,18297
5,D,7275,5671,3742,0.0,3832,1738,5567,0.0,7671,9382,11208,0.0,12853,0.0,14554
5,E,11107,9503,7574,3832,0.0,2094,1735,0.0,3840,5551,7376,0.0,9021,0.0,10723
5,F,9013,7409,5480,1738,2094,0.0,3829,0.0,5933,7645,9470,0.0,11115,0.0,12817
5,G,12842,11238,9309,5567,1735,3829,0.0,0.0,2104,3816,5641,0.0,7286,0.0,8988
5,H,0.0,0.0,0.0,0.0,0.0,0.0,0.0,0.0,0.0,0.0,0.0,0.0,0.0,0.0,0.0
5,I,14946,13342,11413,7671,3840,5933,2104,0.0,0.0,1711,3537,0.0,5182,0.0,6883
5,J,16658,15054,13125,9382,5551,7645,3816,0.0,1711,0.0,1825,0.0,3470,0.0,5172
5,K,18483,16879,14950,11208,7376,9470,5641,0.0,3537,1825,0.0,0.0,1645,0.0,3347
5,L,0.0,0.0,0.0,0.0,0.0,0.0,0.0,0.0,0.0,0.0,0.0,0.0,0.0,0.0,0.0
5,M,20128,18524,16595,12853,9021,11115,7286,0.0,5182,3470,1645,0.0,0.0,0.0,1702
5,N,0.0,0.0,0.0,0.0,0.0,0.0,0.0,0.0,0.0,0.0,0.0,0.0,0.0,0.0,0.0
5,O,21830,20226,18297,14554,10723,12817,8988,0.0,6883,5172,3347,0.0,1702,0.0,0.0
6,A,0.0,0.0,0.0,1803,5755,4051,7608,0.0,9665,11554,0.0,13847,15679,0.0,17386
6,B,0.0,0.0,0.0,0.0,0.0,0.0,0.0,0.0,0.0,0.0,0.0,0.0,0.0,0.0,0.0
6,C,0.0,0.0,0.0,0.0,0.0,0.0,0.0,0.0,0.0,0.0,0.0,0.0,0.0,0.0,0.0
6,D,1803,0.0,0.0,0.0,3952,2248,5805,0.0,7862,9751,0.0,12044,13876,0.0,15583
6,E,5755,0.0,0.0,3952,0.0,1705,1853,0.0,3909,5798,0.0,8091,9924,0.0,11631
6,F,4051,0.0,0.0,2248,1705,0.0,3558,0.0,5614,7503,0.0,9796,11628,0.0,13335
6,G,7608,0.0,0.0,5805,1853,3558,0.0,0.0,2056,3945,0.0,6238,8071,0.0,9778
6,H,0.0,0.0,0.0,0.0,0.0,0.0,0.0,0.0,0.0,0.0,0.0,0.0,0.0,0.0,0.0
6,I,9665,0.0,0.0,7862,3909,5614,2056,0.0,0.0,1889,0.0,4182,6014,0.0,7721
6,J,11554,0.0,0.0,9751,5798,7503,3945,0.0,1889,0.0,0.0,2293,4125,0.0,5832
6,K,0.0,0.0,0.0,0.0,0.0,0.0,0.0,0.0,0.0,0.0,0.0,0.0,0.0,0.0,0.0
6,L,13847,0.0,0.0,12044,8091,9796,6238,0.0,4182,2293,0.0,0.0,1832,0.0,3539
6,M,15679,0.0,0.0,13876,9924,11628,8071,0.0,6014,4125,0.0,1832,0.0,0.0,1707
6,N,0.0,0.0,0.0,0.0,0.0,0.0,0.0,0.0,0.0,0.0,0.0,0.0,0.0,0.0,0.0
6,O,17386,0.0,0.0,15583,11631,13335,9778,0.0,7721,5832,0.0,3539,1707,0.0,0.0
7,A,0.0,0.0,0.0,1730,5728,3837,7794,0.0,9620,11400,13155,0.0,14944,0.0,16914
7,B,0.0,0.0,0.0,0.0,0.0,0.0,0.0,0.0,0.0,0.0,0.0,0.0,0.0,0.0,0.0
7,C,0.0,0.0,0.0,0.0,0.0,0.0,0.0,0.0,0.0,0.0,0.0,0.0,0.0,0.0,0.0
7,D,1730,0.0,0.0,0.0,3998,2107,6064,0.0,7890,9670,11425,0.0,13214,0.0,15184
7,E,5728,0.0,0.0,3998,0.0,1891,2066,0.0,3891,5672,7427,0.0,9215,0.0,11186
7,F,3837,0.0,0.0,2107,1891,0.0,3957,0.0,5782,7563,9318,0.0,11106,0.0,13077
7,G,7794,0.0,0.0,6064,2066,3957,0.0,0.0,1826,3606,5361,0.0,7150,0.0,9120
7,H,0.0,0.0,0.0,0.0,0.0,0.0,0.0,0.0,0.0,0.0,0.0,0.0,0.0,0.0,0.0
7,I,9620,0.0,0.0,7890,3891,5782,1826,0.0,0.0,1780,3536,0.0,5324,0.0,7294
7,J,11400,0.0,0.0,9670,5672,7563,3606,0.0,1780,0.0,1755,0.0,3543,0.0,5514
7,K,13155,0.0,0.0,11425,7427,9318,5361,0.0,3536,1755,0.0,0.0,1788,0.0,3759
7,L,0.0,0.0,0.0,0.0,0.0,0.0,0.0,0.0,0.0,0.0,0.0,0.0,0.0,0.0,0.0
7,M,14944,0.0,0.0,13214,9215,11106,7150,0.0,5324,3543,1788,0.0,0.0,0.0,1970
7,N,0.0,0.0,0.0,0.0,0.0,0.0,0.0,0.0,0.0,0.0,0.0,0.0,0.0,0.0,0.0
7,O,16914,0.0,0.0,15184,11186,13077,9120,0.0,7294,5514,3759,0.0,1970,0.0,0.0
8,A,0.0,0.0,0.0,2060,5689,3950,7396,9279,0.0,0.0,0.0,0.0,0.0,0.0,0.0
8,B,0.0,0.0,0.0,0.0,0.0,0.0,0.0,0.0,0.0,0.0,0.0,0.0,0.0,0.0,0.0
8,C,0.0,0.0,0.0,0.0,0.0,0.0,0.0,0.0,0.0,0.0,0.0,0.0,0.0,0.0,0.0
8,D,2060,0.0,0.0,0.0,3628,1889,5335,7218,0.0,0.0,0.0,0.0,0.0,0.0,0.0
8,E,5689,0.0,0.0,3628,0.0,1739,1707,3590,0.0,0.0,0.0,0.0,0.0,0.0,0.0
8,F,3950,0.0,0.0,1889,1739,0.0,3446,5329,0.0,0.0,0.0,0.0,0.0,0.0,0.0
8,G,7396,0.0,0.0,5335,1707,3446,0.0,1883,0.0,0.0,0.0,0.0,0.0,0.0,0.0
8,H,9279,0.0,0.0,7218,3590,5329,1883,0.0,0.0,0.0,0.0,0.0,0.0,0.0,0.0
8,I,0.0,0.0,0.0,0.0,0.0,0.0,0.0,0.0,0.0,0.0,0.0,0.0,0.0,0.0,0.0
8,J,0.0,0.0,0.0,0.0,0.0,0.0,0.0,0.0,0.0,0.0,0.0,0.0,0.0,0.0,0.0
8,K,0.0,0.0,0.0,0.0,0.0,0.0,0.0,0.0,0.0,0.0,0.0,0.0,0.0,0.0,0.0
8,L,0.0,0.0,0.0,0.0,0.0,0.0,0.0,0.0,0.0,0.0,0.0,0.0,0.0,0.0,0.0
8,M,0.0,0.0,0.0,0.0,0.0,0.0,0.0,0.0,0.0,0.0,0.0,0.0,0.0,0.0,0.0
8,N,0.0,0.0,0.0,0.0,0.0,0.0,0.0,0.0,0.0,0.0,0.0,0.0,0.0,0.0,0.0
8,O,0.0,0.0,0.0,0.0,0.0,0.0,0.0,0.0,0.0,0.0,0.0,0.0,0.0,0.0,0.0
9,A,0.0,1849,3720,7336,10996,9132,13041,14588,0.0,0.0,0.0,0.0,0.0,0.0,0.0
9,B,1849,0.0,1872,5487,9147,7284,11192,12739,0.0,0.0,0.0,0.0,0.0,0.0,0.0
9,C,3720,1872,0.0,3616,7276,5412,9321,10867,0.0,0.0,0.0,0.0,0.0,0.0,0.0
9,D,7336,5487,3616,0.0,3660,1797,5705,7252,0.0,0.0,0.0,0.0,0.0,0.0,0.0
9,E,10996,9147,7276,3660,0.0,1864,2045,3592,0.0,0.0,0.0,0.0,0.0,0.0,0.0
9,F,9132,7284,5412,1797,1864,0.0,3908,5455,0.0,0.0,0.0,0.0,0.0,0.0,0.0
9,G,13041,11192,9321,5705,2045,3908,0.0,1547,0.0,0.0,0.0,0.0,0.0,0.0,0.0
9,H,14588,12739,10867,7252,3592,5455,1547,0.0,0.0,0.0,0.0,0.0,0.0,0.0,0.0
9,I,0.0,0.0,0.0,0.0,0.0,0.0,0.0,0.0,0.0,0.0,0.0,0.0,0.0,0.0,0.0
9,J,0.0,0.0,0.0,0.0,0.0,0.0,0.0,0.0,0.0,0.0,0.0,0.0,0.0,0.0,0.0
9,K,0.0,0.0,0.0,0.0,0.0,0.0,0.0,0.0,0.0,0.0,0.0,0.0,0.0,0.0,0.0
9,L,0.0,0.0,0.0,0.0,0.0,0.0,0.0,0.0,0.0,0.0,0.0,0.0,0.0,0.0,0.0
9,M,0.0,0.0,0.0,0.0,0.0,0.0,0.0,0.0,0.0,0.0,0.0,0.0,0.0,0.0,0.0
9,N,0.0,0.0,0.0,0.0,0.0,0.0,0.0,0.0,0.0,0.0,0.0,0.0,0.0,0.0,0.0
9,O,0.0,0.0,0.0,0.0,0.0,0.0,0.0,0.0,0.0,0.0,0.0,0.0,0.0,0.0,0.0
10,A,0.0,0.0,0.0,1849,5334,3729,7012,8727,0.0,0.0,0.0,0.0,0.0,0.0,0.0
10,B,0.0,0.0,0.0,0.0,0.0,0.0,0.0,0.0,0.0,0.0,0.0,0.0,0.0,0.0,0.0
10,C,0.0,0.0,0.0,0.0,0.0,0.0,0.0,0.0,0.0,0.0,0.0,0.0,0.0,0.0,0.0
10,D,1849,0.0,0.0,0.0,3485,1879,5162,6877,0.0,0.0,0.0,0.0,0.0,0.0,0.0
10,E,5334,0.0,0.0,3485,0.0,1605,1678,3393,0.0,0.0,0.0,0.0,0.0,0.0,0.0
10,F,3729,0.0,0.0,1879,1605,0.0,3283,4998,0.0,0.0,0.0,0.0,0.0,0.0,0.0
10,G,7012,0.0,0.0,5162,1678,3283,0.0,1715,0.0,0.0,0.0,0.0,0.0,0.0,0.0
10,H,8727,0.0,0.0,6877,3393,4998,1715,0.0,0.0,0.0,0.0,0.0,0.0,0.0,0.0
10,I,0.0,0.0,0.0,0.0,0.0,0.0,0.0,0.0,0.0,0.0,0.0,0.0,0.0,0.0,0.0
10,J,0.0,0.0,0.0,0.0,0.0,0.0,0.0,0.0,0.0,0.0,0.0,0.0,0.0,0.0,0.0
10,K,0.0,0.0,0.0,0.0,0.0,0.0,0.0,0.0,0.0,0.0,0.0,0.0,0.0,0.0,0.0
10,L,0.0,0.0,0.0,0.0,0.0,0.0,0.0,0.0,0.0,0.0,0.0,0.0,0.0,0.0,0.0
10,M,0.0,0.0,0.0,0.0,0.0,0.0,0.0,0.0,0.0,0.0,0.0,0.0,0.0,0.0,0.0
10,N,0.0,0.0,0.0,0.0,0.0,0.0,0.0,0.0,0.0,0.0,0.0,0.0,0.0,0.0,0.0
10,O,0.0,0.0,0.0,0.0,0.0,0.0,0.0,0.0,0.0,0.0,0.0,0.0,0.0,0.0,0.0
11,A,0.0,1797,3483,12220,15954,14116,17902,19743,0.0,0.0,0.0,0.0,0.0,0.0,0.0
11,B,1797,0.0,1686,10423,14156,12318,16105,17945,0.0,0.0,0.0,0.0,0.0,0.0,0.0
11,C,3483,1686,0.0,8737,12471,10632,14419,16259,0.0,0.0,0.0,0.0,0.0,0.0,0.0
11,D,12220,10423,8737,0.0,3734,1895,5682,7522,0.0,0.0,0.0,0.0,0.0,0.0,0.0
11,E,15954,14156,12471,3734,0.0,1838,1948,3789,0.0,0.0,0.0,0.0,0.0,0.0,0.0
11,F,14116,12318,10632,1895,1838,0.0,3787,5627,0.0,0.0,0.0,0.0,0.0,0.0,0.0
11,G,17902,16105,14419,5682,1948,3787,0.0,1840,0.0,0.0,0.0,0.0,0.0,0.0,0.0
11,H,19743,17945,16259,7522,3789,5627,1840,0.0,0.0,0.0,0.0,0.0,0.0,0.0,0.0
11,I,0.0,0.0,0.0,0.0,0.0,0.0,0.0,0.0,0.0,0.0,0.0,0.0,0.0,0.0,0.0
11,J,0.0,0.0,0.0,0.0,0.0,0.0,0.0,0.0,0.0,0.0,0.0,0.0,0.0,0.0,0.0
11,K,0.0,0.0,0.0,0.0,0.0,0.0,0.0,0.0,0.0,0.0,0.0,0.0,0.0,0.0,0.0
11,L,0.0,0.0,0.0,0.0,0.0,0.0,0.0,0.0,0.0,0.0,0.0,0.0,0.0,0.0,0.0
11,M,0.0,0.0,0.0,0.0,0.0,0.0,0.0,0.0,0.0,0.0,0.0,0.0,0.0,0.0,0.0
11,N,0.0,0.0,0.0,0.0,0.0,0.0,0.0,0.0,0.0,0.0,0.0,0.0,0.0,0.0,0.0
11,O,0.0,0.0,0.0,0.0,0.0,0.0,0.0,0.0,0.0,0.0,0.0,0.0,0.0,0.0,0.0
12,A,0.0,1694,3454,7161,10706,8912,12400,14519,0.0,0.0,0.0,0.0,0.0,0.0,0.0
12,B,1694,0.0,1760,5467,9013,7218,10707,12826,0.0,0.0,0.0,0.0,0.0,0.0,0.0
12,C,3454,1760,0.0,3707,7252,5458,8946,11065,0.0,0.0,0.0,0.0,0.0,0.0,0.0
12,D,7161,5467,3707,0.0,3546,1751,5240,7359,0.0,0.0,0.0,0.0,0.0,0.0,0.0
12,E,10706,9013,7252,3546,0.0,1795,1694,3813,0.0,0.0,0.0,0.0,0.0,0.0,0.0
12,F,8912,7218,5458,1751,1795,0.0,3489,5608,0.0,0.0,0.0,0.0,0.0,0.0,0.0
12,G,12400,10707,8946,5240,1694,3489,0.0,2119,0.0,0.0,0.0,0.0,0.0,0.0,0.0
12,H,14519,12826,11065,7359,3813,5608,2119,0.0,0.0,0.0,0.0,0.0,0.0,0.0,0.0
12,I,0.0,0.0,0.0,0.0,0.0,0.0,0.0,0.0,0.0,0.0,0.0,0.0,0.0,0.0,0.0
12,J,0.0,0.0,0.0,0.0,0.0,0.0,0.0,0.0,0.0,0.0,0.0,0.0,0.0,0.0,0.0
12,K,0.0,0.0,0.0,0.0,0.0,0.0,0.0,0.0,0.0,0.0,0.0,0.0,0.0,0.0,0.0
12,L,0.0,0.0,0.0,0.0,0.0,0.0,0.0,0.0,0.0,0.0,0.0,0.0,0.0,0.0,0.0
12,M,0.0,0.0,0.0,0.0,0.0,0.0,0.0,0.0,0.0,0.0,0.0,0.0,0.0,0.0,0.0
12,N,0.0,0.0,0.0,0.0,0.0,0.0,0.0,0.0,0.0,0.0,0.0,0.0,0.0,0.0,0.0
12,O,0.0,0.0,0.0,0.0,0.0,0.0,0.0,0.0,0.0,0.0,0.0,0.0,0.0,0.0,0.0
13,A,0.0,0.0,0.0,1772,5645,3708,7450,9491,0.0,0.0,0.0,0.0,0.0,0.0,0.0
13,B,0.0,0.0,0.0,0.0,0.0,0.0,0.0,0.0,0.0,0.0,0.0,0.0,0.0,0.0,0.0
13,C,0.0,0.0,0.0,0.0,0.0,0.0,0.0,0.0,0.0,0.0,0.0,0.0,0.0,0.0,0.0
13,D,1772,0.0,0.0,0.0,3874,1936,5679,7719,0.0,0.0,0.0,0.0,0.0,0.0,0.0
13,E,5645,0.0,0.0,3874,0.0,1938,1805,3846,0.0,0.0,0.0,0.0,0.0,0.0,0.0
13,F,3708,0.0,0.0,1936,1938,0.0,3742,5783,0.0,0.0,0.0,0.0,0.0,0.0,0.0
13,G,7450,0.0,0.0,5679,1805,3742,0.0,2041,0.0,0.0,0.0,0.0,0.0,0.0,0.0
13,H,9491,0.0,0.0,7719,3846,5783,2041,0.0,0.0,0.0,0.0,0.0,0.0,0.0,0.0
13,I,0.0,0.0,0.0,0.0,0.0,0.0,0.0,0.0,0.0,0.0,0.0,0.0,0.0,0.0,0.0
13,J,0.0,0.0,0.0,0.0,0.0,0.0,0.0,0.0,0.0,0.0,0.0,0.0,0.0,0.0,0.0
13,K,0.0,0.0,0.0,0.0,0.0,0.0,0.0,0.0,0.0,0.0,0.0,0.0,0.0,0.0,0.0
13,L,0.0,0.0,0.0,0.0,0.0,0.0,0.0,0.0,0.0,0.0,0.0,0.0,0.0,0.0,0.0
13,M,0.0,0.0,0.0,0.0,0.0,0.0,0.0,0.0,0.0,0.0,0.0,0.0,0.0,0.0,0.0
13,N,0.0,0.0,0.0,0.0,0.0,0.0,0.0,0.0,0.0,0.0,0.0,0.0,0.0,0.0,0.0
13,O,0.0,0.0,0.0,0.0,0.0,0.0,0.0,0.0,0.0,0.0,0.0,0.0,0.0,0.0,0.0
14,A,0.0,1495,3410,11978,15699,14125,17667,19507,0.0,0.0,0.0,0.0,0.0,0.0,0.0
14,B,1495,0.0,1914,10483,14203,12630,16171,18012,0.0,0.0,0.0,0.0,0.0,0.0,0.0
14,C,3410,1914,0.0,8568,12289,10716,14257,16098,0.0,0.0,0.0,0.0,0.0,0.0,0.0
14,D,11978,10483,8568,0.0,3720,2147,5688,7529,0.0,0.0,0.0,0.0,0.0,0.0,0.0
14,E,15699,14203,12289,3720,0.0,1573,1968,3809,0.0,0.0,0.0,0.0,0.0,0.0,0.0
14,F,14125,12630,10716,2147,1573,0.0,3541,5382,0.0,0.0,0.0,0.0,0.0,0.0,0.0
14,G,17667,16171,14257,5688,1968,3541,0.0,1841,0.0,0.0,0.0,0.0,0.0,0.0,0.0
14,H,19507,18012,16098,7529,3809,5382,1841,0.0,0.0,0.0,0.0,0.0,0.0,0.0,0.0
14,I,0.0,0.0,0.0,0.0,0.0,0.0,0.0,0.0,0.0,0.0,0.0,0.0,0.0,0.0,0.0
14,J,0.0,0.0,0.0,0.0,0.0,0.0,0.0,0.0,0.0,0.0,0.0,0.0,0.0,0.0,0.0
14,K,0.0,0.0,0.0,0.0,0.0,0.0,0.0,0.0,0.0,0.0,0.0,0.0,0.0,0.0,0.0
14,L,0.0,0.0,0.0,0.0,0.0,0.0,0.0,0.0,0.0,0.0,0.0,0.0,0.0,0.0,0.0
14,M,0.0,0.0,0.0,0.0,0.0,0.0,0.0,0.0,0.0,0.0,0.0,0.0,0.0,0.0,0.0
14,N,0.0,0.0,0.0,0.0,0.0,0.0,0.0,0.0,0.0,0.0,0.0,0.0,0.0,0.0,0.0
14,O,0.0,0.0,0.0,0.0,0.0,0.0,0.0,0.0,0.0,0.0,0.0,0.0,0.0,0.0,0.0
15,A,0.0,2068,3465,7290,11275,9203,13362,0.0,15470,17467,19382,0.0,21281,22986,0.0
15,B,2068,0.0,1397,5222,9207,7135,11294,0.0,13402,15399,17314,0.0,19213,20918,0.0
15,C,3465,1397,0.0,3825,7810,5738,9897,0.0,12005,14002,15917,0.0,17815,19520,0.0
15,D,7290,5222,3825,0.0,3985,1914,6072,0.0,8180,10177,12092,0.0,13991,15696,0.0
15,E,11275,9207,7810,3985,0.0,2071,2087,0.0,4195,6192,8107,0.0,10006,11711,0.0
15,F,9203,7135,5738,1914,2071,0.0,4159,0.0,6266,8264,10178,0.0,12077,13782,0.0
15,G,13362,11294,9897,6072,2087,4159,0.0,0.0,2108,4105,6019,0.0,7918,9623,0.0
15,H,0.0,0.0,0.0,0.0,0.0,0.0,0.0,0.0,0.0,0.0,0.0,0.0,0.0,0.0,0.0
15,I,15470,13402,12005,8180,4195,6266,2108,0.0,0.0,1997,3912,0.0,5811,7516,0.0
15,J,17467,15399,14002,10177,6192,8264,4105,0.0,1997,0.0,1914,0.0,3813,5518,0.0
15,K,19382,17314,15917,12092,8107,10178,6019,0.0,3912,1914,0.0,0.0,1899,3604,0.0
15,L,0.0,0.0,0.0,0.0,0.0,0.0,0.0,0.0,0.0,0.0,0.0,0.0,0.0,0.0,0.0
15,M,21281,19213,17815,13991,10006,12077,7918,0.0,5811,3813,1899,0.0,0.0,1705,0.0
15,N,22986,20918,19520,15696,11711,13782,9623,0.0,7516,5518,3604,0.0,1705,0.0,0.0
15,O,0.0,0.0,0.0,0.0,0.0,0.0,0.0,0.0,0.0,0.0,0.0,0.0,0.0,0.0,0.0
16,A,0.0,0.0,0.0,1669,4952,3214,6514,0.0,8317,10187,11904,0.0,13507,0.0,15083
16,B,0.0,0.0,0.0,0.0,0.0,0.0,0.0,0.0,0.0,0.0,0.0,0.0,0.0,0.0,0.0
16,C,0.0,0.0,0.0,0.0,0.0,0.0,0.0,0.0,0.0,0.0,0.0,0.0,0.0,0.0,0.0
16,D,1669,0.0,0.0,0.0,3283,1545,4845,0.0,6648,8518,10234,0.0,11838,0.0,13413
16,E,4952,0.0,0.0,3283,0.0,1738,1562,0.0,3365,5235,6951,0.0,8555,0.0,10130
16,F,3214,0.0,0.0,1545,1738,0.0,3300,0.0,5103,6973,8689,0.0,10293,0.0,11868
16,G,6514,0.0,0.0,4845,1562,3300,0.0,0.0,1803,3673,5390,0.0,6993,0.0,8569
16,H,0.0,0.0,0.0,0.0,0.0,0.0,0.0,0.0,0.0,0.0,0.0,0.0,0.0,0.0,0.0
16,I,8317,0.0,0.0,6648,3365,5103,1803,0.0,0.0,1870,3586,0.0,5190,0.0,6765
16,J,10187,0.0,0.0,8518,5235,6973,3673,0.0,1870,0.0,1717,0.0,3320,0.0,4896
16,K,11904,0.0,0.0,10234,6951,8689,5390,0.0,3586,1717,0.0,0.0,1604,0.0,3179
16,L,0.0,0.0,0.0,0.0,0.0,0.0,0.0,0.0,0.0,0.0,0.0,0.0,0.0,0.0,0.0
16,M,13507,0.0,0.0,11838,8555,10293,6993,0.0,5190,3320,1604,0.0,0.0,0.0,1576
16,N,0.0,0.0,0.0,0.0,0.0,0.0,0.0,0.0,0.0,0.0,0.0,0.0,0.0,0.0,0.0
16,O,15083,0.0,0.0,13413,10130,11868,8569,0.0,6765,4896,3179,0.0,1576,0.0,0.0
17,A,0.0,0.0,0.0,1941,5285,3664,7289,0.0,8997,11008,12583,0.0,14213,15878,0.0
17,B,0.0,0.0,0.0,0.0,0.0,0.0,0.0,0.0,0.0,0.0,0.0,0.0,0.0,0.0,0.0
17,C,0.0,0.0,0.0,0.0,0.0,0.0,0.0,0.0,0.0,0.0,0.0,0.0,0.0,0.0,0.0
17,D,1941,0.0,0.0,0.0,3344,1723,5349,0.0,7056,9067,10643,0.0,12272,13937,0.0
17,E,5285,0.0,0.0,3344,0.0,1621,2004,0.0,3712,5723,7298,0.0,8928,10593,0.0
17,F,3664,0.0,0.0,1723,1621,0.0,3626,0.0,5334,7344,8920,0.0,10550,12214,0.0
17,G,7289,0.0,0.0,5349,2004,3626,0.0,0.0,1708,3719,5294,0.0,6924,8589,0.0
17,H,0.0,0.0,0.0,0.0,0.0,0.0,0.0,0.0,0.0,0.0,0.0,0.0,0.0,0.0,0.0
17,I,8997,0.0,0.0,7056,3712,5334,1708,0.0,0.0,2011,3586,0.0,5216,6881,0.0
17,J,11008,0.0,0.0,9067,5723,7344,3719,0.0,2011,0.0,1575,0.0,3205,4870,0.0
17,K,12583,0.0,0.0,10643,7298,8920,5294,0.0,3586,1575,0.0,0.0,1630,3295,0.0
17,L,0.0,0.0,0.0,0.0,0.0,0.0,0.0,0.0,0.0,0.0,0.0,0.0,0.0,0.0,0.0
17,M,14213,0.0,0.0,12272,8928,10550,6924,0.0,5216,3205,1630,0.0,0.0,1665,0.0
17,N,15878,0.0,0.0,13937,10593,12214,8589,0.0,6881,4870,3295,0.0,1665,0.0,0.0
17,O,0.0,0.0,0.0,0.0,0.0,0.0,0.0,0.0,0.0,0.0,0.0,0.0,0.0,0.0,0.0
18,A,0.0,0.0,0.0,1528,5254,3295,6880,0.0,8733,10550,0.0,12324,14135,16243,0.0
18,B,0.0,0.0,0.0,0.0,0.0,0.0,0.0,0.0,0.0,0.0,0.0,0.0,0.0,0.0,0.0
18,C,0.0,0.0,0.0,0.0,0.0,0.0,0.0,0.0,0.0,0.0,0.0,0.0,0.0,0.0,0.0
18,D,1528,0.0,0.0,0.0,3726,1768,5352,0.0,7206,9022,0.0,10796,12607,14716,0.0
18,E,5254,0.0,0.0,3726,0.0,1959,1626,0.0,3479,5296,0.0,7070,8881,10990,0.0
18,F,3295,0.0,0.0,1768,1959,0.0,3585,0.0,5438,7255,0.0,9029,10839,12948,0.0
18,G,6880,0.0,0.0,5352,1626,3585,0.0,0.0,1853,3670,0.0,5444,7255,9363,0.0
18,H,0.0,0.0,0.0,0.0,0.0,0.0,0.0,0.0,0.0,0.0,0.0,0.0,0.0,0.0,0.0
18,I,8733,0.0,0.0,7206,3479,5438,1853,0.0,0.0,1817,0.0,3591,5401,7510,0.0
18,J,10550,0.0,0.0,9022,5296,7255,3670,0.0,1817,0.0,0.0,1774,3585,5693,0.0
18,K,0.0,0.0,0.0,0.0,0.0,0.0,0.0,0.0,0.0,0.0,0.0,0.0,0.0,0.0,0.0
18,L,12324,0.0,0.0,10796,7070,9029,5444,0.0,3591,1774,0.0,0.0,1811,3920,0.0
18,M,14135,0.0,0.0,12607,8881,10839,7255,0.0,5401,3585,0.0,1811,0.0,2109,0.0
18,N,16243,0.0,0.0,14716,10990,12948,9363,0.0,7510,5693,0.0,3920,2109,0.0,0.0
18,O,0.0,0.0,0.0,0.0,0.0,0.0,0.0,0.0,0.0,0.0,0.0,0.0,0.0,0.0,0.0
19,A,0.0,1945,3922,12977,16749,14864,18526,0.0,20315,21961,23506,0.0,25412,27082,0.0
19,B,1945,0.0,1978,11032,14804,12920,16581,0.0,18370,20016,21561,0.0,23467,25137,0.0
19,C,3922,1978,0.0,9055,12826,10942,14603,0.0,16393,18038,19584,0.0,21490,23159,0.0
19,D,12977,11032,9055,0.0,3772,1887,5548,0.0,7338,8983,10529,0.0,12435,14104,0.0
19,E,16749,14804,12826,3772,0.0,1885,1777,0.0,3566,5212,6757,0.0,8663,10333,0.0
19,F,14864,12920,10942,1887,1885,0.0,3661,0.0,5451,7096,8642,0.0,10548,12217,0.0
19,G,18526,16581,14603,5548,1777,3661,0.0,0.0,1789,3435,4980,0.0,6886,8556,0.0
19,H,0.0,0.0,0.0,0.0,0.0,0.0,0.0,0.0,0.0,0.0,0.0,0.0,0.0,0.0,0.0
19,I,20315,18370,16393,7338,3566,5451,1789,0.0,0.0,1646,3191,0.0,5097,6767,0.0
19,J,21961,20016,18038,8983,5212,7096,3435,0.0,1646,0.0,1546,0.0,3451,5121,0.0
19,K,23506,21561,19584,10529,6757,8642,4980,0.0,3191,1546,0.0,0.0,1906,3575,0.0
19,L,0.0,0.0,0.0,0.0,0.0,0.0,0.0,0.0,0.0,0.0,0.0,0.0,0.0,0.0,0.0
19,M,25412,23467,21490,12435,8663,10548,6886,0.0,5097,3451,1906,0.0,0.0,1670,0.0
19,N,27082,25137,23159,14104,10333,12217,8556,0.0,6767,5121,3575,0.0,1670,0.0,0.0
19,O,0.0,0.0,0.0,0.0,0.0,0.0,0.0,0.0,0.0,0.0,0.0,0.0,0.0,0.0,0.0
20,A,0.0,1801,3487,7097,10819,8986,12384,0.0,14116,16078,0.0,17937,19816,0.0,21594
20,B,1801,0.0,1686,5296,9018,7186,10583,0.0,12315,14277,0.0,16137,18015,0.0,19793
20,C,3487,1686,0.0,3610,7332,5499,8896,0.0,10629,12591,0.0,14450,16329,0.0,18107
20,D,7097,5296,3610,0.0,3722,1889,5287,0.0,7019,8981,0.0,10840,12719,0.0,14497
20,E,10819,9018,7332,3722,0.0,1833,1564,0.0,3297,5259,0.0,7118,8997,0.0,10775
20,F,8986,7186,5499,1889,1833,0.0,3397,0.0,5130,7092,0.0,8951,10829,0.0,12608
20,G,12384,10583,8896,5287,1564,3397,0.0,0.0,1732,3694,0.0,5554,7432,0.0,9210
20,H,0.0,0.0,0.0,0.0,0.0,0.0,0.0,0.0,0.0,0.0,0.0,0.0,0.0,0.0,0.0
20,I,14116,12315,10629,7019,3297,5130,1732,0.0,0.0,1962,0.0,3821,5700,0.0,7478
20,J,16078,14277,12591,8981,5259,7092,3694,0.0,1962,0.0,0.0,1859,3738,0.0,5516
20,K,0.0,0.0,0.0,0.0,0.0,0.0,0.0,0.0,0.0,0.0,0.0,0.0,0.0,0.0,0.0
20,L,17937,16137,14450,10840,7118,8951,5554,0.0,3821,1859,0.0,0.0,1878,0.0,3657
20,M,19816,18015,16329,12719,8997,10829,7432,0.0,5700,3738,0.0,1878,0.0,0.0,1778
20,N,0.0,0.0,0.0,0.0,0.0,0.0,0.0,0.0,0.0,0.0,0.0,0.0,0.0,0.0,0.0
20,O,21594,19793,18107,14497,10775,12608,9210,0.0,7478,5516,0.0,3657,1778,0.0,0.0
21,A,0.0,2125,3884,7389,10881,9182,12786,14327,0.0,0.0,0.0,0.0,0.0,0.0,0.0
21,B,2125,0.0,1759,5264,8756,7057,10661,12202,0.0,0.0,0.0,0.0,0.0,0.0,0.0
21,C,3884,1759,0.0,3505,6997,5298,8902,10443,0.0,0.0,0.0,0.0,0.0,0.0,0.0
21,D,7389,5264,3505,0.0,3492,1793,5397,6938,0.0,0.0,0.0,0.0,0.0,0.0,0.0
21,E,10881,8756,6997,3492,0.0,1699,1905,3446,0.0,0.0,0.0,0.0,0.0,0.0,0.0
21,F,9182,7057,5298,1793,1699,0.0,3604,5145,0.0,0.0,0.0,0.0,0.0,0.0,0.0
21,G,12786,10661,8902,5397,1905,3604,0.0,1541,0.0,0.0,0.0,0.0,0.0,0.0,0.0
21,H,14327,12202,10443,6938,3446,5145,1541,0.0,0.0,0.0,0.0,0.0,0.0,0.0,0.0
21,I,0.0,0.0,0.0,0.0,0.0,0.0,0.0,0.0,0.0,0.0,0.0,0.0,0.0,0.0,0.0
21,J,0.0,0.0,0.0,0.0,0.0,0.0,0.0,0.0,0.0,0.0,0.0,0.0,0.0,0.0,0.0
21,K,0.0,0.0,0.0,0.0,0.0,0.0,0.0,0.0,0.0,0.0,0.0,0.0,0.0,0.0,0.0
21,L,0.0,0.0,0.0,0.0,0.0,0.0,0.0,0.0,0.0,0.0,0.0,0.0,0.0,0.0,0.0
21,M,0.0,0.0,0.0,0.0,0.0,0.0,0.0,0.0,0.0,0.0,0.0,0.0,0.0,0.0,0.0
21,N,0.0,0.0,0.0,0.0,0.0,0.0,0.0,0.0,0.0,0.0,0.0,0.0,0.0,0.0,0.0
21,O,0.0,0.0,0.0,0.0,0.0,0.0,0.0,0.0,0.0,0.0,0.0,0.0,0.0,0.0,0.0
22,A,0.0,0.0,0.0,2116,5640,3860,7150,0.0,9041,10901,12807,0.0,14464,0.0,16180
22,B,0.0,0.0,0.0,0.0,0.0,0.0,0.0,0.0,0.0,0.0,0.0,0.0,0.0,0.0,0.0
22,C,0.0,0.0,0.0,0.0,0.0,0.0,0.0,0.0,0.0,0.0,0.0,0.0,0.0,0.0,0.0
22,D,2116,0.0,0.0,0.0,3523,1744,5034,0.0,6925,8785,10691,0.0,12347,0.0,14063
22,E,5640,0.0,0.0,3523,0.0,1780,1510,0.0,3401,5261,7167,0.0,8824,0.0,10540
22,F,3860,0.0,0.0,1744,1780,0.0,3290,0.0,5181,7041,8947,0.0,10603,0.0,12319
22,G,7150,0.0,0.0,5034,1510,3290,0.0,0.0,1891,3751,5657,0.0,7313,0.0,9030
22,H,0.0,0.0,0.0,0.0,0.0,0.0,0.0,0.0,0.0,0.0,0.0,0.0,0.0,0.0,0.0
22,I,9041,0.0,0.0,6925,3401,5181,1891,0.0,0.0,1860,3766,0.0,5422,0.0,7139
22,J,10901,0.0,0.0,8785,5261,7041,3751,0.0,1860,0.0,1906,0.0,3562,0.0,5278
22,K,12807,0.0,0.0,10691,7167,8947,5657,0.0,3766,1906,0.0,0.0,1656,0.0,3373
22,L,0.0,0.0,0.0,0.0,0.0,0.0,0.0,0.0,0.0,0.0,0.0,0.0,0.0,0.0,0.0
22,M,14464,0.0,0.0,12347,8824,10603,7313,0.0,5422,3562,1656,0.0,0.0,0.0,1716
22,N,0.0,0.0,0.0,0.0,0.0,0.0,0.0,0.0,0.0,0.0,0.0,0.0,0.0,0.0,0.0
22,O,16180,0.0,0.0,14063,10540,12319,9030,0.0,7139,5278,3373,0.0,1716,0.0,0.0
23,A,0.0,0.0,0.0,1901,5764,3882,7568,0.0,9267,10859,0.0,12463,14197,0.0,15923
23,B,0.0,0.0,0.0,0.0,0.0,0.0,0.0,0.0,0.0,0.0,0.0,0.0,0.0,0.0,0.0
23,C,0.0,0.0,0.0,0.0,0.0,0.0,0.0,0.0,0.0,0.0,0.0,0.0,0.0,0.0,0.0
23,D,1901,0.0,0.0,0.0,3863,1981,5667,0.0,7366,8957,0.0,10562,12296,0.0,14022
23,E,5764,0.0,0.0,3863,0.0,1882,1804,0.0,3503,5094,0.0,6698,8432,0.0,10159
23,F,3882,0.0,0.0,1981,1882,0.0,3686,0.0,5385,6976,0.0,8581,10314,0.0,12041
23,G,7568,0.0,0.0,5667,1804,3686,0.0,0.0,1699,3290,0.0,4895,6629,0.0,8355
23,H,0.0,0.0,0.0,0.0,0.0,0.0,0.0,0.0,0.0,0.0,0.0,0.0,0.0,0.0,0.0
23,I,9267,0.0,0.0,7366,3503,5385,1699,0.0,0.0,1591,0.0,3196,4929,0.0,6656
23,J,10859,0.0,0.0,8957,5094,6976,3290,0.0,1591,0.0,0.0,1604,3338,0.0,5065
23,K,0.0,0.0,0.0,0.0,0.0,0.0,0.0,0.0,0.0,0.0,0.0,0.0,0.0,0.0,0.0
23,L,12463,0.0,0.0,10562,6698,8581,4895,0.0,3196,1604,0.0,0.0,1734,0.0,3460
23,M,14197,0.0,0.0,12296,8432,10314,6629,0.0,4929,3338,0.0,1734,0.0,0.0,1727
23,N,0.0,0.0,0.0,0.0,0.0,0.0,0.0,0.0,0.0,0.0,0.0,0.0,0.0,0.0,0.0
23,O,15923,0.0,0.0,14022,10159,12041,8355,0.0,6656,5065,0.0,3460,1727,0.0,0.0
24,A,0.0,0.0,0.0,1931,5112,3495,6952,0.0,8854,10978,0.0,12704,14465,16269,0.0
24,B,0.0,0.0,0.0,0.0,0.0,0.0,0.0,0.0,0.0,0.0,0.0,0.0,0.0,0.0,0.0
24,C,0.0,0.0,0.0,0.0,0.0,0.0,0.0,0.0,0.0,0.0,0.0,0.0,0.0,0.0,0.0
24,D,1931,0.0,0.0,0.0,3181,1564,5021,0.0,6922,9047,0.0,10773,12534,14338,0.0
24,E,5112,0.0,0.0,3181,0.0,1618,1840,0.0,3741,5866,0.0,7592,9353,11157,0.0
24,F,3495,0.0,0.0,1564,1618,0.0,3457,0.0,5359,7483,0.0,9209,10970,12774,0.0
24,G,6952,0.0,0.0,5021,1840,3457,0.0,0.0,1901,4026,0.0,5752,7513,9317,0.0
24,H,0.0,0.0,0.0,0.0,0.0,0.0,0.0,0.0,0.0,0.0,0.0,0.0,0.0,0.0,0.0
24,I,8854,0.0,0.0,6922,3741,5359,1901,0.0,0.0,2124,0.0,3850,5612,7415,0.0
24,J,10978,0.0,0.0,9047,5866,7483,4026,0.0,2124,0.0,0.0,1726,3487,5291,0.0
24,K,0.0,0.0,0.0,0.0,0.0,0.0,0.0,0.0,0.0,0.0,0.0,0.0,0.0,0.0,0.0
24,L,12704,0.0,0.0,10773,7592,9209,5752,0.0,3850,1726,0.0,0.0,1761,3565,0.0
24,M,14465,0.0,0.0,12534,9353,10970,7513,0.0,5612,3487,0.0,1761,0.0,1804,0.0
24,N,16269,0.0,0.0,14338,11157,12774,9317,0.0,7415,5291,0.0,3565,1804,0.0,0.0
24,O,0.0,0.0,0.0,0.0,0.0,0.0,0.0,0.0,0.0,0.0,0.0,0.0,0.0,0.0,0.0
25,A,0.0,1645,3239,7408,11054,9108,13139,0.0,15045,16386,0.0,18084,19798,21686,0.0
25,B,1645,0.0,1594,5763,9408,7463,11493,0.0,13400,14740,0.0,16438,18153,20041,0.0
25,C,3239,1594,0.0,4168,7814,5869,9899,0.0,11806,13146,0.0,14844,16559,18446,0.0
25,D,7408,5763,4168,0.0,3646,1700,5731,0.0,7638,8978,0.0,10676,12390,14278,0.0
25,E,11054,9408,7814,3646,0.0,1946,2085,0.0,3992,5332,0.0,7030,8744,10632,0.0
25,F,9108,7463,5869,1700,1946,0.0,4031,0.0,5937,7278,0.0,8976,10690,12578,0.0
25,G,13139,11493,9899,5731,2085,4031,0.0,0.0,1907,3247,0.0,4945,6659,8547,0.0
25,H,0.0,0.0,0.0,0.0,0.0,0.0,0.0,0.0,0.0,0.0,0.0,0.0,0.0,0.0,0.0
25,I,15045,13400,11806,7638,3992,5937,1907,0.0,0.0,1340,0.0,3038,4753,6640,0.0
25,J,16386,14740,13146,8978,5332,7278,3247,0.0,1340,0.0,0.0,1698,3412,5300,0.0
25,K,0.0,0.0,0.0,0.0,0.0,0.0,0.0,0.0,0.0,0.0,0.0,0.0,0.0,0.0,0.0
25,L,18084,16438,14844,10676,7030,8976,4945,0.0,3038,1698,0.0,0.0,1714,3602,0.0
25,M,19798,18153,16559,12390,8744,10690,6659,0.0,4753,3412,0.0,1714,0.0,1888,0.0
25,N,21686,20041,18446,14278,10632,12578,8547,0.0,6640,5300,0.0,3602,1888,0.0,0.0
25,O,0.0,0.0,0.0,0.0,0.0,0.0,0.0,0.0,0.0,0.0,0.0,0.0,0.0,0.0,0.0
26,A,0.0,1718,3334,29451,32963,31156,34892,36427,0.0,0.0,0.0,0.0,0.0,0.0,0.0
26,B,1718,0.0,1617,27734,31246,29439,33174,34710,0.0,0.0,0.0,0.0,0.0,0.0,0.0
26,C,3334,1617,0.0,26117,29629,27822,31558,33093,0.0,0.0,0.0,0.0,0.0,0.0,0.0
26,D,29451,27734,26117,0.0,3512,1705,5441,6976,0.0,0.0,0.0,0.0,0.0,0.0,0.0
26,E,32963,31246,29629,3512,0.0,1807,1929,3464,0.0,0.0,0.0,0.0,0.0,0.0,0.0
26,F,31156,29439,27822,1705,1807,0.0,3736,5271,0.0,0.0,0.0,0.0,0.0,0.0,0.0
26,G,34892,33174,31558,5441,1929,3736,0.0,1535,0.0,0.0,0.0,0.0,0.0,0.0,0.0
26,H,36427,34710,33093,6976,3464,5271,1535,0.0,0.0,0.0,0.0,0.0,0.0,0.0,0.0
26,I,0.0,0.0,0.0,0.0,0.0,0.0,0.0,0.0,0.0,0.0,0.0,0.0,0.0,0.0,0.0
26,J,0.0,0.0,0.0,0.0,0.0,0.0,0.0,0.0,0.0,0.0,0.0,0.0,0.0,0.0,0.0
26,K,0.0,0.0,0.0,0.0,0.0,0.0,0.0,0.0,0.0,0.0,0.0,0.0,0.0,0.0,0.0
26,L,0.0,0.0,0.0,0.0,0.0,0.0,0.0,0.0,0.0,0.0,0.0,0.0,0.0,0.0,0.0
26,M,0.0,0.0,0.0,0.0,0.0,0.0,0.0,0.0,0.0,0.0,0.0,0.0,0.0,0.0,0.0
26,N,0.0,0.0,0.0,0.0,0.0,0.0,0.0,0.0,0.0,0.0,0.0,0.0,0.0,0.0,0.0
26,O,0.0,0.0,0.0,0.0,0.0,0.0,0.0,0.0,0.0,0.0,0.0,0.0,0.0,0.0,0.0
27,A,0.0,1717,3303,7046,10600,8727,12623,14335,0.0,0.0,0.0,0.0,0.0,0.0,0.0
27,B,1717,0.0,1586,5329,8883,7010,10907,12618,0.0,0.0,0.0,0.0,0.0,0.0,0.0
27,C,3303,1586,0.0,3743,7297,5424,9320,11032,0.0,0.0,0.0,0.0,0.0,0.0,0.0
27,D,7046,5329,3743,0.0,3554,1681,5577,7289,0.0,0.0,0.0,0.0,0.0,0.0,0.0
27,E,10600,8883,7297,3554,0.0,1873,2023,3735,0.0,0.0,0.0,0.0,0.0,0.0,0.0
27,F,8727,7010,5424,1681,1873,0.0,3896,5608,0.0,0.0,0.0,0.0,0.0,0.0,0.0
27,G,12623,10907,9320,5577,2023,3896,0.0,1711,0.0,0.0,0.0,0.0,0.0,0.0,0.0
27,H,14335,12618,11032,7289,3735,5608,1711,0.0,0.0,0.0,0.0,0.0,0.0,0.0,0.0
27,I,0.0,0.0,0.0,0.0,0.0,0.0,0.0,0.0,0.0,0.0,0.0,0.0,0.0,0.0,0.0
27,J,0.0,0.0,0.0,0.0,0.0,0.0,0.0,0.0,0.0,0.0,0.0,0.0,0.0,0.0,0.0
27,K,0.0,0.0,0.0,0.0,0.0,0.0,0.0,0.0,0.0,0.0,0.0,0.0,0.0,0.0,0.0
27,L,0.0,0.0,0.0,0.0,0.0,0.0,0.0,0.0,0.0,0.0,0.0,0.0,0.0,0.0,0.0
27,M,0.0,0.0,0.0,0.0,0.0,0.0,0.0,0.0,0.0,0.0,0.0,0.0,0.0,0.0,0.0
27,N,0.0,0.0,0.0,0.0,0.0,0.0,0.0,0.0,0.0,0.0,0.0,0.0,0.0,0.0,0.0
27,O,0.0,0.0,0.0,0.0,0.0,0.0,0.0,0.0,0.0,0.0,0.0,0.0,0.0,0.0,0.0
28,A,0.0,1863,3992,7304,10892,9265,12791,0.0,14442,15840,0.0,17849,19548,21470,0.0
28,B,1863,0.0,2129,5441,9029,7401,10928,0.0,12579,13977,0.0,15986,17685,19607,0.0
28,C,3992,2129,0.0,3312,6900,5272,8799,0.0,10450,11848,0.0,13857,15556,17478,0.0
28,D,7304,5441,3312,0.0,3588,1961,5487,0.0,7138,8536,0.0,10545,12244,14166,0.0
28,E,10892,9029,6900,3588,0.0,1627,1899,0.0,3550,4948,0.0,6957,8656,10578,0.0
28,F,9265,7401,5272,1961,1627,0.0,3527,0.0,5178,6575,0.0,8585,10283,12205,0.0
28,G,12791,10928,8799,5487,1899,3527,0.0,0.0,1651,3049,0.0,5058,6757,8679,0.0
28,H,0.0,0.0,0.0,0.0,0.0,0.0,0.0,0.0,0.0,0.0,0.0,0.0,0.0,0.0,0.0
28,I,14442,12579,10450,7138,3550,5178,1651,0.0,0.0,1398,0.0,3407,5106,7028,0.0
28,J,15840,13977,11848,8536,4948,6575,3049,0.0,1398,0.0,0.0,2009,3708,5630,0.0
28,K,0.0,0.0,0.0,0.0,0.0,0.0,0.0,0.0,0.0,0.0,0.0,0.0,0.0,0.0,0.0
28,L,17849,15986,13857,10545,6957,8585,5058,0.0,3407,2009,0.0,0.0,1699,3621,0.0
28,M,19548,17685,15556,12244,8656,10283,6757,0.0,5106,3708,0.0,1699,0.0,1922,0.0
28,N,21470,19607,17478,14166,10578,12205,8679,0.0,7028,5630,0.0,3621,1922,0.0,0.0
28,O,0.0,0.0,0.0,0.0,0.0,0.0,0.0,0.0,0.0,0.0,0.0,0.0,0.0,0.0,0.0
29,A,0.0,0.0,0.0,1754,5596,3682,7065,8658,0.0,0.0,0.0,0.0,0.0,0.0,0.0
29,B,0.0,0.0,0.0,0.0,0.0,0.0,0.0,0.0,0.0,0.0,0.0,0.0,0.0,0.0,0.0
29,C,0.0,0.0,0.0,0.0,0.0,0.0,0.0,0.0,0.0,0.0,0.0,0.0,0.0,0.0,0.0
29,D,1754,0.0,0.0,0.0,3842,1928,5311,6904,0.0,0.0,0.0,0.0,0.0,0.0,0.0
29,E,5596,0.0,0.0,3842,0.0,1914,1469,3062,0.0,0.0,0.0,0.0,0.0,0.0,0.0
29,F,3682,0.0,0.0,1928,1914,0.0,3383,4976,0.0,0.0,0.0,0.0,0.0,0.0,0.0
29,G,7065,0.0,0.0,5311,1469,3383,0.0,1593,0.0,0.0,0.0,0.0,0.0,0.0,0.0
29,H,8658,0.0,0.0,6904,3062,4976,1593,0.0,0.0,0.0,0.0,0.0,0.0,0.0,0.0
29,I,0.0,0.0,0.0,0.0,0.0,0.0,0.0,0.0,0.0,0.0,0.0,0.0,0.0,0.0,0.0
29,J,0.0,0.0,0.0,0.0,0.0,0.0,0.0,0.0,0.0,0.0,0.0,0.0,0.0,0.0,0.0
29,K,0.0,0.0,0.0,0.0,0.0,0.0,0.0,0.0,0.0,0.0,0.0,0.0,0.0,0.0,0.0
29,L,0.0,0.0,0.0,0.0,0.0,0.0,0.0,0.0,0.0,0.0,0.0,0.0,0.0,0.0,0.0
29,M,0.0,0.0,0.0,0.0,0.0,0.0,0.0,0.0,0.0,0.0,0.0,0.0,0.0,0.0,0.0
29,N,0.0,0.0,0.0,0.0,0.0,0.0,0.0,0.0,0.0,0.0,0.0,0.0,0.0,0.0,0.0
29,O,0.0,0.0,0.0,0.0,0.0,0.0,0.0,0.0,0.0,0.0,0.0,0.0,0.0,0.0,0.0
30,A,0.0,0.0,0.0,1874,5470,3638,7307,0.0,9223,11135,0.0,13014,14785,0.0,16634
30,B,0.0,0.0,0.0,0.0,0.0,0.0,0.0,0.0,0.0,0.0,0.0,0.0,0.0,0.0,0.0
30,C,0.0,0.0,0.0,0.0,0.0,0.0,0.0,0.0,0.0,0.0,0.0,0.0,0.0,0.0,0.0
30,D,1874,0.0,0.0,0.0,3595,1764,5432,0.0,7348,9260,0.0,11140,12910,0.0,14760
30,E,5470,0.0,0.0,3595,0.0,1831,1837,0.0,3753,5665,0.0,7544,9315,0.0,11165
30,F,3638,0.0,0.0,1764,1831,0.0,3668,0.0,5584,7496,0.0,9376,11146,0.0,12996
30,G,7307,0.0,0.0,5432,1837,3668,0.0,0.0,1916,3828,0.0,5707,7478,0.0,9328
30,H,0.0,0.0,0.0,0.0,0.0,0.0,0.0,0.0,0.0,0.0,0.0,0.0,0.0,0.0,0.0
30,I,9223,0.0,0.0,7348,3753,5584,1916,0.0,0.0,1912,0.0,3791,5562,0.0,7412
30,J,11135,0.0,0.0,9260,5665,7496,3828,0.0,1912,0.0,0.0,1879,3650,0.0,5500
30,K,0.0,0.0,0.0,0.0,0.0,0.0,0.0,0.0,0.0,0.0,0.0,0.0,0.0,0.0,0.0
30,L,13014,0.0,0.0,11140,7544,9376,5707,0.0,3791,1879,0.0,0.0,1771,0.0,3620
30,M,14785,0.0,0.0,12910,9315,11146,7478,0.0,5562,3650,0.0,1771,0.0,0.0,1850
30,N,0.0,0.0,0.0,0.0,0.0,0.0,0.0,0.0,0.0,0.0,0.0,0.0,0.0,0.0,0.0
30,O,16634,0.0,0.0,14760,11165,12996,9328,0.0,7412,5500,0.0,3620,1850,0.0,0.0
31,A,0.0,0.0,0.0,1791,5228,3637,6988,0.0,8613,10643,12475,0.0,14227,16166,0.0
31,B,0.0,0.0,0.0,0.0,0.0,0.0,0.0,0.0,0.0,0.0,0.0,0.0,0.0,0.0,0.0
31,C,0.0,0.0,0.0,0.0,0.0,0.0,0.0,0.0,0.0,0.0,0.0,0.0,0.0,0.0,0.0
31,D,1791,0.0,0.0,0.0,3437,1846,5197,0.0,6822,8853,10685,0.0,12436,14375,0.0
31,E,5228,0.0,0.0,3437,0.0,1591,1760,0.0,3385,5416,7248,0.0,8999,10938,0.0
31,F,3637,0.0,0.0,1846,1591,0.0,3351,0.0,4976,7007,8838,0.0,10590,12529,0.0
31,G,6988,0.0,0.0,5197,1760,3351,0.0,0.0,1625,3656,5487,0.0,7239,9178,0.0
31,H,0.0,0.0,0.0,0.0,0.0,0.0,0.0,0.0,0.0,0.0,0.0,0.0,0.0,0.0,0.0
31,I,8613,0.0,0.0,6822,3385,4976,1625,0.0,0.0,2030,3862,0.0,5614,7553,0.0
31,J,10643,0.0,0.0,8853,5416,7007,3656,0.0,2030,0.0,1832,0.0,3583,5523,0.0
31,K,12475,0.0,0.0,10685,7248,8838,5487,0.0,3862,1832,0.0,0.0,1752,3691,0.0
31,L,0.0,0.0,0.0,0.0,0.0,0.0,0.0,0.0,0.0,0.0,0.0,0.0,0.0,0.0,0.0
31,M,14227,0.0,0.0,12436,8999,10590,7239,0.0,5614,3583,1752,0.0,0.0,1939,0.0
31,N,16166,0.0,0.0,14375,10938,12529,9178,0.0,7553,5523,3691,0.0,1939,0.0,0.0
31,O,0.0,0.0,0.0,0.0,0.0,0.0,0.0,0.0,0.0,0.0,0.0,0.0,0.0,0.0,0.0
32,A,0.0,0.0,0.0,1671,5449,3576,7540,0.0,9279,11001,0.0,12833,14741,0.0,16202
32,B,0.0,0.0,0.0,0.0,0.0,0.0,0.0,0.0,0.0,0.0,0.0,0.0,0.0,0.0,0.0
32,C,0.0,0.0,0.0,0.0,0.0,0.0,0.0,0.0,0.0,0.0,0.0,0.0,0.0,0.0,0.0
32,D,1671,0.0,0.0,0.0,3778,1906,5869,0.0,7608,9330,0.0,11163,13071,0.0,14531
32,E,5449,0.0,0.0,3778,0.0,1872,2091,0.0,3830,5552,0.0,7384,9293,0.0,10753
32,F,3576,0.0,0.0,1906,1872,0.0,3963,0.0,5702,7425,0.0,9257,11165,0.0,12626
32,G,7540,0.0,0.0,5869,2091,3963,0.0,0.0,1739,3461,0.0,5293,7202,0.0,8662
32,H,0.0,0.0,0.0,0.0,0.0,0.0,0.0,0.0,0.0,0.0,0.0,0.0,0.0,0.0,0.0
32,I,9279,0.0,0.0,7608,3830,5702,1739,0.0,0.0,1722,0.0,3555,5463,0.0,6923
32,J,11001,0.0,0.0,9330,5552,7425,3461,0.0,1722,0.0,0.0,1832,3740,0.0,5201
32,K,0.0,0.0,0.0,0.0,0.0,0.0,0.0,0.0,0.0,0.0,0.0,0.0,0.0,0.0,0.0
32,L,12833,0.0,0.0,11163,7384,9257,5293,0.0,3555,1832,0.0,0.0,1908,0.0,3369
32,M,14741,0.0,0.0,13071,9293,11165,7202,0.0,5463,3740,0.0,1908,0.0,0.0,1461
32,N,0.0,0.0,0.0,0.0,0.0,0.0,0.0,0.0,0.0,0.0,0.0,0.0,0.0,0.0,0.0
32,O,16202,0.0,0.0,14531,10753,12626,8662,0.0,6923,5201,0.0,3369,1461,0.0,0.0
33,A,0.0,2041,3555,7489,11212,9443,13163,0.0,14768,16717,0.0,18496,20236,22039,0.0
33,B,2041,0.0,1514,5449,9171,7402,11123,0.0,12728,14677,0.0,16456,18195,19998,0.0
33,C,3555,1514,0.0,3935,7657,5888,9608,0.0,11213,13163,0.0,14942,16681,18484,0.0
33,D,7489,5449,3935,0.0,3722,1953,5674,0.0,7279,9228,0.0,11007,12746,14549,0.0
33,E,11212,9171,7657,3722,0.0,1769,1952,0.0,3557,5506,0.0,7285,9024,10827,0.0
33,F,9443,7402,5888,1953,1769,0.0,3721,0.0,5326,7275,0.0,9054,10793,12596,0.0
33,G,13163,11123,9608,5674,1952,3721,0.0,0.0,1605,3554,0.0,5333,7072,8875,0.0
33,H,0.0,0.0,0.0,0.0,0.0,0.0,0.0,0.0,0.0,0.0,0.0,0.0,0.0,0.0,0.0
33,I,14768,12728,11213,7279,3557,5326,1605,0.0,0.0,1949,0.0,3728,5468,7270,0.0
33,J,16717,14677,13163,9228,5506,7275,3554,0.0,1949,0.0,0.0,1779,3518,5321,0.0
33,K,0.0,0.0,0.0,0.0,0.0,0.0,0.0,0.0,0.0,0.0,0.0,0.0,0.0,0.0,0.0
33,L,18496,16456,14942,11007,7285,9054,5333,0.0,3728,1779,0.0,0.0,1739,3542,0.0
33,M,20236,18195,16681,12746,9024,10793,7072,0.0,5468,3518,0.0,1739,0.0,1803,0.0
33,N,22039,19998,18484,14549,10827,12596,8875,0.0,7270,5321,0.0,3542,1803,0.0,0.0
33,O,0.0,0.0,0.0,0.0,0.0,0.0,0.0,0.0,0.0,0.0,0.0,0.0,0.0,0.0,0.0
34,A,0.0,1950,3919,24655,28356,26289,30139,32013,0.0,0.0,0.0,0.0,0.0,0.0,0.0
34,B,1950,0.0,1968,22705,26406,24339,28189,30063,0.0,0.0,0.0,0.0,0.0,0.0,0.0
34,C,3919,1968,0.0,20736,24438,22370,26221,28095,0.0,0.0,0.0,0.0,0.0,0.0,0.0
34,D,24655,22705,20736,0.0,3701,1634,5484,7358,0.0,0.0,0.0,0.0,0.0,0.0,0.0
34,E,28356,26406,24438,3701,0.0,2067,1783,3657,0.0,0.0,0.0,0.0,0.0,0.0,0.0
34,F,26289,24339,22370,1634,2067,0.0,3850,5724,0.0,0.0,0.0,0.0,0.0,0.0,0.0
34,G,30139,28189,26221,5484,1783,3850,0.0,1874,0.0,0.0,0.0,0.0,0.0,0.0,0.0
34,H,32013,30063,28095,7358,3657,5724,1874,0.0,0.0,0.0,0.0,0.0,0.0,0.0,0.0
34,I,0.0,0.0,0.0,0.0,0.0,0.0,0.0,0.0,0.0,0.0,0.0,0.0,0.0,0.0,0.0
34,J,0.0,0.0,0.0,0.0,0.0,0.0,0.0,0.0,0.0,0.0,0.0,0.0,0.0,0.0,0.0
34,K,0.0,0.0,0.0,0.0,0.0,0.0,0.0,0.0,0.0,0.0,0.0,0.0,0.0,0.0,0.0
34,L,0.0,0.0,0.0,0.0,0.0,0.0,0.0,0.0,0.0,0.0,0.0,0.0,0.0,0.0,0.0
34,M,0.0,0.0,0.0,0.0,0.0,0.0,0.0,0.0,0.0,0.0,0.0,0.0,0.0,0.0,0.0
34,N,0.0,0.0,0.0,0.0,0.0,0.0,0.0,0.0,0.0,0.0,0.0,0.0,0.0,0.0,0.0
34,O,0.0,0.0,0.0,0.0,0.0,0.0,0.0,0.0,0.0,0.0,0.0,0.0,0.0,0.0,0.0
35,A,0.0,1901,3893,12704,16189,14526,17864,19785,0.0,0.0,0.0,0.0,0.0,0.0,0.0
35,B,1901,0.0,1992,10803,14288,12624,15963,17883,0.0,0.0,0.0,0.0,0.0,0.0,0.0
35,C,3893,1992,0.0,8811,12295,10632,13971,15891,0.0,0.0,0.0,0.0,0.0,0.0,0.0
35,D,12704,10803,8811,0.0,3484,1821,5159,7080,0.0,0.0,0.0,0.0,0.0,0.0,0.0
35,E,16189,14288,12295,3484,0.0,1663,1675,3596,0.0,0.0,0.0,0.0,0.0,0.0,0.0
35,F,14526,12624,10632,1821,1663,0.0,3338,5259,0.0,0.0,0.0,0.0,0.0,0.0,0.0
35,G,17864,15963,13971,5159,1675,3338,0.0,1921,0.0,0.0,0.0,0.0,0.0,0.0,0.0
35,H,19785,17883,15891,7080,3596,5259,1921,0.0,0.0,0.0,0.0,0.0,0.0,0.0,0.0
35,I,0.0,0.0,0.0,0.0,0.0,0.0,0.0,0.0,0.0,0.0,0.0,0.0,0.0,0.0,0.0
35,J,0.0,0.0,0.0,0.0,0.0,0.0,0.0,0.0,0.0,0.0,0.0,0.0,0.0,0.0,0.0
35,K,0.0,0.0,0.0,0.0,0.0,0.0,0.0,0.0,0.0,0.0,0.0,0.0,0.0,0.0,0.0
35,L,0.0,0.0,0.0,0.0,0.0,0.0,0.0,0.0,0.0,0.0,0.0,0.0,0.0,0.0,0.0
35,M,0.0,0.0,0.0,0.0,0.0,0.0,0.0,0.0,0.0,0.0,0.0,0.0,0.0,0.0,0.0
35,N,0.0,0.0,0.0,0.0,0.0,0.0,0.0,0.0,0.0,0.0,0.0,0.0,0.0,0.0,0.0
35,O,0.0,0.0,0.0,0.0,0.0,0.0,0.0,0.0,0.0,0.0,0.0,0.0,0.0,0.0,0.0
36,A,0.0,2044,3560,7431,11008,9274,12872,0.0,14753,16597,18549,0.0,20518,0.0,22065
36,B,2044,0.0,1516,5387,8964,7230,10828,0.0,12709,14553,16505,0.0,18474,0.0,20021
36,C,3560,1516,0.0,3871,7448,5715,9312,0.0,11193,13037,14989,0.0,16959,0.0,18505
36,D,7431,5387,3871,0.0,3577,1844,5441,0.0,7322,9167,11119,0.0,13088,0.0,14634
36,E,11008,8964,7448,3577,0.0,1734,1864,0.0,3745,5589,7541,0.0,9510,0.0,11057
36,F,9274,7230,5715,1844,1734,0.0,3598,0.0,5479,7323,9275,0.0,11244,0.0,12790
36,G,12872,10828,9312,5441,1864,3598,0.0,0.0,1881,3725,5677,0.0,7646,0.0,9193
36,H,0.0,0.0,0.0,0.0,0.0,0.0,0.0,0.0,0.0,0.0,0.0,0.0,0.0,0.0,0.0
36,I,14753,12709,11193,7322,3745,5479,1881,0.0,0.0,1844,3796,0.0,5766,0.0,7312
36,J,16597,14553,13037,9167,5589,7323,3725,0.0,1844,0.0,1952,0.0,3921,0.0,5467
36,K,18549,16505,14989,11119,7541,9275,5677,0.0,3796,1952,0.0,0.0,1969,0.0,3516
36,L,0.0,0.0,0.0,0.0,0.0,0.0,0.0,0.0,0.0,0.0,0.0,0.0,0.0,0.0,0.0
36,M,20518,18474,16959,13088,9510,11244,7646,0.0,5766,3921,1969,0.0,0.0,0.0,1546
36,N,0.0,0.0,0.0,0.0,0.0,0.0,0.0,0.0,0.0,0.0,0.0,0.0,0.0,0.0,0.0
36,O,22065,20021,18505,14634,11057,12790,9193,0.0,7312,5467,3516,0.0,1546,0.0,0.0
37,A,0.0,0.0,0.0,1724,5172,3594,7247,0.0,9557,11543,0.0,13255,15107,16646,0.0
