case,activitypair,A,B,C,D,E,F,G,H,I,J,K,L,M,N,O
0,A,0.0,1947,3731,14587,16561,12954,18437,20128,0.0,0.0,0.0,0.0,0.0,0.0,0.0
0,B,1947,0.0,1784,12640,14614,11007,16490,18181,0.0,0.0,0.0,0.0,0.0,0.0,0.0
0,C,3731,1784,0.0,10856,12830,9224,14707,16397,0.0,0.0,0.0,0.0,0.0,0.0,0.0
0,D,14587,12640,10856,0.0,1974,1633,3850,5541,0.0,0.0,0.0,0.0,0.0,0.0,0.0
0,E,16561,14614,12830,1974,0.0,3607,1876,3567,0.0,0.0,0.0,0.0,0.0,0.0,0.0
0,F,12954,11007,9224,1633,3607,0.0,5483,7174,0.0,0.0,0.0,0.0,0.0,0.0,0.0
0,G,18437,16490,14707,3850,1876,5483,0.0,1691,0.0,0.0,0.0,0.0,0.0,0.0,0.0
0,H,20128,18181,16397,5541,3567,7174,1691,0.0,0.0,0.0,0.0,0.0,0.0,0.0,0.0
0,I,0.0,0.0,0.0,0.0,0.0,0.0,0.0,0.0,0.0,0.0,0.0,0.0,0.0,0.0,0.0
0,J,0.0,0.0,0.0,0.0,0.0,0.0,0.0,0.0,0.0,0.0,0.0,0.0,0.0,0.0,0.0
0,K,0.0,0.0,0.0,0.0,0.0,0.0,0.0,0.0,0.0,0.0,0.0,0.0,0.0,0.0,0.0
0,L,0.0,0.0,0.0,0.0,0.0,0.0,0.0,0.0,0.0,0.0,0.0,0.0,0.0,0.0,0.0
0,M,0.0,0.0,0.0,0.0,0.0,0.0,0.0,0.0,0.0,0.0,0.0,0.0,0.0,0.0,0.0
0,N,0.0,0.0,0.0,0.0,0.0,0.0,0.0,0.0,0.0,0.0,0.0,0.0,0.0,0.0,0.0
0,O,0.0,0.0,0.0,0.0,0.0,0.0,0.0,0.0,0.0,0.0,0.0,0.0,0.0,0.0,0.0
1,A,0.0,0.0,0.0,3609,5327,1851,6955,0.0,8641,10464,0.0,12571,14378,0.0,16491
1,B,0.0,0.0,0.0,0.0,0.0,0.0,0.0,0.0,0.0,0.0,0.0,0.0,0.0,0.0,0.0
1,C,0.0,0.0,0.0,0.0,0.0,0.0,0.0,0.0,0.0,0.0,0.0,0.0,0.0,0.0,0.0
1,D,3609,0.0,0.0,0.0,1718,1758,3346,0.0,5033,6855,0.0,8962,10769,0.0,12882
1,E,5327,0.0,0.0,1718,0.0,3476,1628,0.0,3315,5137,0.0,7244,9051,0.0,11164
1,F,1851,0.0,0.0,1758,3476,0.0,5104,0.0,6790,8613,0.0,10719,12527,0.0,14640
1,G,6955,0.0,0.0,3346,1628,5104,0.0,0.0,1687,3509,0.0,5616,7423,0.0,9536
1,H,0.0,0.0,0.0,0.0,0.0,0.0,0.0,0.0,0.0,0.0,0.0,0.0,0.0,0.0,0.0
1,I,8641,0.0,0.0,5033,3315,6790,1687,0.0,0.0,1822,0.0,3929,5737,0.0,7849
1,J,10464,0.0,0.0,6855,5137,8613,3509,0.0,1822,0.0,0.0,2107,3914,0.0,6027
1,K,0.0,0.0,0.0,0.0,0.0,0.0,0.0,0.0,0.0,0.0,0.0,0.0,0.0,0.0,0.0
1,L,12571,0.0,0.0,8962,7244,10719,5616,0.0,3929,2107,0.0,0.0,1808,0.0,3920
1,M,14378,0.0,0.0,10769,9051,12527,7423,0.0,5737,3914,0.0,1808,0.0,0.0,2113
1,N,0.0,0.0,0.0,0.0,0.0,0.0,0.0,0.0,0.0,0.0,0.0,0.0,0.0,0.0,0.0
1,O,16491,0.0,0.0,12882,11164,14640,9536,0.0,7849,6027,0.0,3920,2113,0.0,0.0
2,A,0.0,2007,3686,9046,10469,7142,12523,14841,0.0,0.0,0.0,0.0,0.0,0.0,0.0
2,B,2007,0.0,1679,7039,8462,5135,10516,12834,0.0,0.0,0.0,0.0,0.0,0.0,0.0
2,C,3686,1679,0.0,5360,6783,3456,8837,11155,0.0,0.0,0.0,0.0,0.0,0.0,0.0
2,D,9046,7039,5360,0.0,1423,1904,3476,5795,0.0,0.0,0.0,0.0,0.0,0.0,0.0
2,E,10469,8462,6783,1423,0.0,3327,2054,4372,0.0,0.0,0.0,0.0,0.0,0.0,0.0
2,F,7142,5135,3456,1904,3327,0.0,5380,7699,0.0,0.0,0.0,0.0,0.0,0.0,0.0
2,G,12523,10516,8837,3476,2054,5380,0.0,2319,0.0,0.0,0.0,0.0,0.0,0.0,0.0
2,H,14841,12834,11155,5795,4372,7699,2319,0.0,0.0,0.0,0.0,0.0,0.0,0.0,0.0
2,I,0.0,0.0,0.0,0.0,0.0,0.0,0.0,0.0,0.0,0.0,0.0,0.0,0.0,0.0,0.0
2,J,0.0,0.0,0.0,0.0,0.0,0.0,0.0,0.0,0.0,0.0,0.0,0.0,0.0,0.0,0.0
2,K,0.0,0.0,0.0,0.0,0.0,0.0,0.0,0.0,0.0,0.0,0.0,0.0,0.0,0.0,0.0
2,L,0.0,0.0,0.0,0.0,0.0,0.0,0.0,0.0,0.0,0.0,0.0,0.0,0.0,0.0,0.0
2,M,0.0,0.0,0.0,0.0,0.0,0.0,0.0,0.0,0.0,0.0,0.0,0.0,0.0,0.0,0.0
2,N,0.0,0.0,0.0,0.0,0.0,0.0,0.0,0.0,0.0,0.0,0.0,0.0,0.0,0.0,0.0
2,O,0.0,0.0,0.0,0.0,0.0,0.0,0.0,0.0,0.0,0.0,0.0,0.0,0.0,0.0,0.0
3,A,0.0,1783,3832,14540,16211,12729,18084,0.0,19988,21687,0.0,23407,25482,0.0,27243
3,B,1783,0.0,2049,12757,14428,10946,16301,0.0,18205,19904,0.0,21624,23699,0.0,25459
3,C,3832,2049,0.0,10708,12379,8897,14252,0.0,16156,17855,0.0,19575,21650,0.0,23411
3,D,14540,12757,10708,0.0,1671,1811,3544,0.0,5448,7147,0.0,8867,10942,0.0,12702
3,E,16211,14428,12379,1671,0.0,3482,1873,0.0,3777,5476,0.0,7196,9271,0.0,11032
3,F,12729,10946,8897,1811,3482,0.0,5355,0.0,7259,8958,0.0,10678,12753,0.0,14513
3,G,18084,16301,14252,3544,1873,5355,0.0,0.0,1904,3603,0.0,5323,7398,0.0,9158
3,H,0.0,0.0,0.0,0.0,0.0,0.0,0.0,0.0,0.0,0.0,0.0,0.0,0.0,0.0,0.0
3,I,19988,18205,16156,5448,3777,7259,1904,0.0,0.0,1699,0.0,3419,5494,0.0,7255
3,J,21687,19904,17855,7147,5476,8958,3603,0.0,1699,0.0,0.0,1720,3795,0.0,5555
3,K,0.0,0.0,0.0,0.0,0.0,0.0,0.0,0.0,0.0,0.0,0.0,0.0,0.0,0.0,0.0
3,L,23407,21624,19575,8867,7196,10678,5323,0.0,3419,1720,0.0,0.0,2075,0.0,3835
3,M,25482,23699,21650,10942,9271,12753,7398,0.0,5494,3795,0.0,2075,0.0,0.0,1760
3,N,0.0,0.0,0.0,0.0,0.0,0.0,0.0,0.0,0.0,0.0,0.0,0.0,0.0,0.0,0.0
3,O,27243,25459,23411,12702,11032,14513,9158,0.0,7255,5555,0.0,3835,1760,0.0,0.0
4,A,0.0,0.0,0.0,3745,5247,2051,6807,0.0,8575,10563,0.0,12601,14469,16271,0.0
4,B,0.0,0.0,0.0,0.0,0.0,0.0,0.0,0.0,0.0,0.0,0.0,0.0,0.0,0.0,0.0
4,C,0.0,0.0,0.0,0.0,0.0,0.0,0.0,0.0,0.0,0.0,0.0,0.0,0.0,0.0,0.0
4,D,3745,0.0,0.0,0.0,1502,1694,3062,0.0,4830,6818,0.0,8856,10724,12526,0.0
4,E,5247,0.0,0.0,1502,0.0,3196,1559,0.0,3328,5316,0.0,7354,9221,11023,0.0
4,F,2051,0.0,0.0,1694,3196,0.0,4756,0.0,6524,8512,0.0,10550,12417,14220,0.0
4,G,6807,0.0,0.0,3062,1559,4756,0.0,0.0,1768,3756,0.0,5795,7662,9464,0.0
4,H,0.0,0.0,0.0,0.0,0.0,0.0,0.0,0.0,0.0,0.0,0.0,0.0,0.0,0.0,0.0
4,I,8575,0.0,0.0,4830,3328,6524,1768,0.0,0.0,1988,0.0,4026,5894,7696,0.0
4,J,10563,0.0,0.0,6818,5316,8512,3756,0.0,1988,0.0,0.0,2038,3905,5708,0.0
4,K,0.0,0.0,0.0,0.0,0.0,0.0,0.0,0.0,0.0,0.0,0.0,0.0,0.0,0.0,0.0
4,L,12601,0.0,0.0,8856,7354,10550,5795,0.0,4026,2038,0.0,0.0,1867,3669,0.0
4,M,14469,0.0,0.0,10724,9221,12417,7662,0.0,5894,3905,0.0,1867,0.0,1802,0.0
4,N,16271,0.0,0.0,12526,11023,14220,9464,0.0,7696,5708,0.0,3669,1802,0.0,0.0
4,O,0.0,0.0,0.0,0.0,0.0,0.0,0.0,0.0,0.0,0.0,0.0,0.0,0.0,0.0,0.0
5,A,0.0,0.0,0.0,3814,5437,1795,7384,9280,0.0,0.0,0.0,0.0,0.0,0.0,0.0
5,B,0.0,0.0,0.0,0.0,0.0,0.0,0.0,0.0,0.0,0.0,0.0,0.0,0.0,0.0,0.0
5,C,0.0,0.0,0.0,0.0,0.0,0.0,0.0,0.0,0.0,0.0,0.0,0.0,0.0,0.0,0.0
5,D,3814,0.0,0.0,0.0,1624,2019,3570,5466,0.0,0.0,0.0,0.0,0.0,0.0,0.0
5,E,5437,0.0,0.0,1624,0.0,3642,1946,3842,0.0,0.0,0.0,0.0,0.0,0.0,0.0
5,F,1795,0.0,0.0,2019,3642,0.0,5589,7485,0.0,0.0,0.0,0.0,0.0,0.0,0.0
5,G,7384,0.0,0.0,3570,1946,5589,0.0,1896,0.0,0.0,0.0,0.0,0.0,0.0,0.0
5,H,9280,0.0,0.0,5466,3842,7485,1896,0.0,0.0,0.0,0.0,0.0,0.0,0.0,0.0
5,I,0.0,0.0,0.0,0.0,0.0,0.0,0.0,0.0,0.0,0.0,0.0,0.0,0.0,0.0,0.0
5,J,0.0,0.0,0.0,0.0,0.0,0.0,0.0,0.0,0.0,0.0,0.0,0.0,0.0,0.0,0.0
5,K,0.0,0.0,0.0,0.0,0.0,0.0,0.0,0.0,0.0,0.0,0.0,0.0,0.0,0.0,0.0
5,L,0.0,0.0,0.0,0.0,0.0,0.0,0.0,0.0,0.0,0.0,0.0,0.0,0.0,0.0,0.0
5,M,0.0,0.0,0.0,0.0,0.0,0.0,0.0,0.0,0.0,0.0,0.0,0.0,0.0,0.0,0.0
5,N,0.0,0.0,0.0,0.0,0.0,0.0,0.0,0.0,0.0,0.0,0.0,0.0,0.0,0.0,0.0
5,O,0.0,0.0,0.0,0.0,0.0,0.0,0.0,0.0,0.0,0.0,0.0,0.0,0.0,0.0,0.0
6,A,0.0,1418,3301,8696,10321,6806,12251,0.0,14047,15661,0.0,17751,19806,21516,0.0
6,B,1418,0.0,1882,7278,8903,5388,10833,0.0,12628,14243,0.0,16333,18388,20098,0.0
6,C,3301,1882,0.0,5396,7020,3506,8951,0.0,10746,12361,0.0,14450,16506,18215,0.0
6,D,8696,7278,5396,0.0,1625,1890,3555,0.0,5350,6965,0.0,9055,11110,12820,0.0
6,E,10321,8903,7020,1625,0.0,3515,1930,0.0,3726,5340,0.0,7430,9485,11195,0.0
6,F,6806,5388,3506,1890,3515,0.0,5445,0.0,7240,8855,0.0,10945,13000,14710,0.0
6,G,12251,10833,8951,3555,1930,5445,0.0,0.0,1796,3410,0.0,5500,7555,9265,0.0
6,H,0.0,0.0,0.0,0.0,0.0,0.0,0.0,0.0,0.0,0.0,0.0,0.0,0.0,0.0,0.0
6,I,14047,12628,10746,5350,3726,7240,1796,0.0,0.0,1614,0.0,3704,5759,7469,0.0
6,J,15661,14243,12361,6965,5340,8855,3410,0.0,1614,0.0,0.0,2090,4145,5855,0.0
6,K,0.0,0.0,0.0,0.0,0.0,0.0,0.0,0.0,0.0,0.0,0.0,0.0,0.0,0.0,0.0
6,L,17751,16333,14450,9055,7430,10945,5500,0.0,3704,2090,0.0,0.0,2055,3765,0.0
6,M,19806,18388,16506,11110,9485,13000,7555,0.0,5759,4145,0.0,2055,0.0,1710,0.0
6,N,21516,20098,18215,12820,11195,14710,9265,0.0,7469,5855,0.0,3765,1710,0.0,0.0
6,O,0.0,0.0,0.0,0.0,0.0,0.0,0.0,0.0,0.0,0.0,0.0,0.0,0.0,0.0,0.0
7,A,0.0,0.0,0.0,3285,5052,1491,6873,8622,0.0,0.0,0.0,0.0,0.0,0.0,0.0
7,B,0.0,0.0,0.0,0.0,0.0,0.0,0.0,0.0,0.0,0.0,0.0,0.0,0.0,0.0,0.0
7,C,0.0,0.0,0.0,0.0,0.0,0.0,0.0,0.0,0.0,0.0,0.0,0.0,0.0,0.0,0.0
7,D,3285,0.0,0.0,0.0,1768,1793,3589,5337,0.0,0.0,0.0,0.0,0.0,0.0,0.0
7,E,5052,0.0,0.0,1768,0.0,3561,1821,3570,0.0,0.0,0.0,0.0,0.0,0.0,0.0
7,F,1491,0.0,0.0,1793,3561,0.0,5382,7131,0.0,0.0,0.0,0.0,0.0,0.0,0.0
7,G,6873,0.0,0.0,3589,1821,5382,0.0,1749,0.0,0.0,0.0,0.0,0.0,0.0,0.0
7,H,8622,0.0,0.0,5337,3570,7131,1749,0.0,0.0,0.0,0.0,0.0,0.0,0.0,0.0
7,I,0.0,0.0,0.0,0.0,0.0,0.0,0.0,0.0,0.0,0.0,0.0,0.0,0.0,0.0,0.0
7,J,0.0,0.0,0.0,0.0,0.0,0.0,0.0,0.0,0.0,0.0,0.0,0.0,0.0,0.0,0.0
7,K,0.0,0.0,0.0,0.0,0.0,0.0,0.0,0.0,0.0,0.0,0.0,0.0,0.0,0.0,0.0
7,L,0.0,0.0,0.0,0.0,0.0,0.0,0.0,0.0,0.0,0.0,0.0,0.0,0.0,0.0,0.0
7,M,0.0,0.0,0.0,0.0,0.0,0.0,0.0,0.0,0.0,0.0,0.0,0.0,0.0,0.0,0.0
7,N,0.0,0.0,0.0,0.0,0.0,0.0,0.0,0.0,0.0,0.0,0.0,0.0,0.0,0.0,0.0
7,O,0.0,0.0,0.0,0.0,0.0,0.0,0.0,0.0,0.0,0.0,0.0,0.0,0.0,0.0,0.0
8,A,0.0,0.0,0.0,3670,5681,1912,7349,0.0,9298,10711,0.0,12450,14311,15925,0.0
8,B,0.0,0.0,0.0,0.0,0.0,0.0,0.0,0.0,0.0,0.0,0.0,0.0,0.0,0.0,0.0
8,C,0.0,0.0,0.0,0.0,0.0,0.0,0.0,0.0,0.0,0.0,0.0,0.0,0.0,0.0,0.0
8,D,3670,0.0,0.0,0.0,2011,1758,3679,0.0,5628,7041,0.0,8780,10641,12255,0.0
8,E,5681,0.0,0.0,2011,0.0,3769,1668,0.0,3617,5030,0.0,6768,8630,10243,0.0
8,F,1912,0.0,0.0,1758,3769,0.0,5437,0.0,7386,8799,0.0,10537,12399,14012,0.0
8,G,7349,0.0,0.0,3679,1668,5437,0.0,0.0,1949,3361,0.0,5100,6962,8575,0.0
8,H,0.0,0.0,0.0,0.0,0.0,0.0,0.0,0.0,0.0,0.0,0.0,0.0,0.0,0.0,0.0
8,I,9298,0.0,0.0,5628,3617,7386,1949,0.0,0.0,1413,0.0,3152,5013,6627,0.0
8,J,10711,0.0,0.0,7041,5030,8799,3361,0.0,1413,0.0,0.0,1739,3600,5214,0.0
8,K,0.0,0.0,0.0,0.0,0.0,0.0,0.0,0.0,0.0,0.0,0.0,0.0,0.0,0.0,0.0
8,L,12450,0.0,0.0,8780,6768,10537,5100,0.0,3152,1739,0.0,0.0,1862,3475,0.0
8,M,14311,0.0,0.0,10641,8630,12399,6962,0.0,5013,3600,0.0,1862,0.0,1614,0.0
8,N,15925,0.0,0.0,12255,10243,14012,8575,0.0,6627,5214,0.0,3475,1614,0.0,0.0
8,O,0.0,0.0,0.0,0.0,0.0,0.0,0.0,0.0,0.0,0.0,0.0,0.0,0.0,0.0,0.0
9,A,0.0,1760,3342,9147,10983,7207,12928,0.0,14752,16469,18325,0.0,20304,0.0,22385
9,B,1760,0.0,1582,7387,9223,5447,11168,0.0,12992,14709,16565,0.0,18544,0.0,20625
9,C,3342,1582,0.0,5806,7641,3866,9586,0.0,11410,13127,14983,0.0,16963,0.0,19043
9,D,9147,7387,5806,0.0,1836,1940,3780,0.0,5605,7321,9178,0.0,11157,0.0,13237
9,E,10983,9223,7641,1836,0.0,3776,1944,0.0,3769,5486,7342,0.0,9321,0.0,11401
9,F,7207,5447,3866,1940,3776,0.0,5720,0.0,7545,9261,11118,0.0,13097,0.0,15177
9,G,12928,11168,9586,3780,1944,5720,0.0,0.0,1824,3541,5397,0.0,7377,0.0,9457
9,H,0.0,0.0,0.0,0.0,0.0,0.0,0.0,0.0,0.0,0.0,0.0,0.0,0.0,0.0,0.0
9,I,14752,12992,11410,5605,3769,7545,1824,0.0,0.0,1717,3573,0.0,5552,0.0,7633
9,J,16469,14709,13127,7321,5486,9261,3541,0.0,1717,0.0,1856,0.0,3836,0.0,5916
9,K,18325,16565,14983,9178,7342,11118,5397,0.0,3573,1856,0.0,0.0,1979,0.0,4060
9,L,0.0,0.0,0.0,0.0,0.0,0.0,0.0,0.0,0.0,0.0,0.0,0.0,0.0,0.0,0.0
9,M,20304,18544,16963,11157,9321,13097,7377,0.0,5552,3836,1979,0.0,0.0,0.0,2080
9,N,0.0,0.0,0.0,0.0,0.0,0.0,0.0,0.0,0.0,0.0,0.0,0.0,0.0,0.0,0.0
9,O,22385,20625,19043,13237,11401,15177,9457,0.0,7633,5916,4060,0.0,2080,0.0,0.0
10,A,0.0,0.0,0.0,3777,5897,2325,7846,0.0,9449,11233,0.0,12956,14849,16503,0.0
10,B,0.0,0.0,0.0,0.0,0.0,0.0,0.0,0.0,0.0,0.0,0.0,0.0,0.0,0.0,0.0
10,C,0.0,0.0,0.0,0.0,0.0,0.0,0.0,0.0,0.0,0.0,0.0,0.0,0.0,0.0,0.0
10,D,3777,0.0,0.0,0.0,2120,1452,4070,0.0,5673,7456,0.0,9180,11072,12726,0.0
10,E,5897,0.0,0.0,2120,0.0,3572,1949,0.0,3552,5336,0.0,7059,8952,10606,0.0
10,F,2325,0.0,0.0,1452,3572,0.0,5522,0.0,7124,8908,0.0,10632,12524,14178,0.0
10,G,7846,0.0,0.0,4070,1949,5522,0.0,0.0,1603,3386,0.0,5110,7003,8656,0.0
10,H,0.0,0.0,0.0,0.0,0.0,0.0,0.0,0.0,0.0,0.0,0.0,0.0,0.0,0.0,0.0
10,I,9449,0.0,0.0,5673,3552,7124,1603,0.0,0.0,1784,0.0,3507,5400,7053,0.0
10,J,11233,0.0,0.0,7456,5336,8908,3386,0.0,1784,0.0,0.0,1723,3616,5270,0.0
10,K,0.0,0.0,0.0,0.0,0.0,0.0,0.0,0.0,0.0,0.0,0.0,0.0,0.0,0.0,0.0
10,L,12956,0.0,0.0,9180,7059,10632,5110,0.0,3507,1723,0.0,0.0,1893,3546,0.0
10,M,14849,0.0,0.0,11072,8952,12524,7003,0.0,5400,3616,0.0,1893,0.0,1653,0.0
10,N,16503,0.0,0.0,12726,10606,14178,8656,0.0,7053,5270,0.0,3546,1653,0.0,0.0
10,O,0.0,0.0,0.0,0.0,0.0,0.0,0.0,0.0,0.0,0.0,0.0,0.0,0.0,0.0,0.0
11,A,0.0,0.0,0.0,4112,5968,1918,7778,0.0,9443,11373,0.0,13393,15436,0.0,17370
11,B,0.0,0.0,0.0,0.0,0.0,0.0,0.0,0.0,0.0,0.0,0.0,0.0,0.0,0.0,0.0
11,C,0.0,0.0,0.0,0.0,0.0,0.0,0.0,0.0,0.0,0.0,0.0,0.0,0.0,0.0,0.0
11,D,4112,0.0,0.0,0.0,1856,2194,3666,0.0,5332,7261,0.0,9281,11324,0.0,13258
11,E,5968,0.0,0.0,1856,0.0,4050,1810,0.0,3476,5405,0.0,7425,9468,0.0,11402
11,F,1918,0.0,0.0,2194,4050,0.0,5860,0.0,7525,9454,0.0,11475,13518,0.0,15452
11,G,7778,0.0,0.0,3666,1810,5860,0.0,0.0,1665,3595,0.0,5615,7658,0.0,9592
11,H,0.0,0.0,0.0,0.0,0.0,0.0,0.0,0.0,0.0,0.0,0.0,0.0,0.0,0.0,0.0
11,I,9443,0.0,0.0,5332,3476,7525,1665,0.0,0.0,1929,0.0,3950,5993,0.0,7926
11,J,11373,0.0,0.0,7261,5405,9454,3595,0.0,1929,0.0,0.0,2020,4064,0.0,5997
11,K,0.0,0.0,0.0,0.0,0.0,0.0,0.0,0.0,0.0,0.0,0.0,0.0,0.0,0.0,0.0
11,L,13393,0.0,0.0,9281,7425,11475,5615,0.0,3950,2020,0.0,0.0,2043,0.0,3977
11,M,15436,0.0,0.0,11324,9468,13518,7658,0.0,5993,4064,0.0,2043,0.0,0.0,1934
11,N,0.0,0.0,0.0,0.0,0.0,0.0,0.0,0.0,0.0,0.0,0.0,0.0,0.0,0.0,0.0
11,O,17370,0.0,0.0,13258,11402,15452,9592,0.0,7926,5997,0.0,3977,1934,0.0,0.0
12,A,0.0,1705,3429,14164,16061,11960,18247,20165,0.0,0.0,0.0,0.0,0.0,0.0,0.0
12,B,1705,0.0,1724,12459,14356,10255,16542,18460,0.0,0.0,0.0,0.0,0.0,0.0,0.0
12,C,3429,1724,0.0,10735,12632,8531,14818,16737,0.0,0.0,0.0,0.0,0.0,0.0,0.0
12,D,14164,12459,10735,0.0,1897,2204,4083,6002,0.0,0.0,0.0,0.0,0.0,0.0,0.0
12,E,16061,14356,12632,1897,0.0,4101,2186,4104,0.0,0.0,0.0,0.0,0.0,0.0,0.0
12,F,11960,10255,8531,2204,4101,0.0,6287,8206,0.0,0.0,0.0,0.0,0.0,0.0,0.0
12,G,18247,16542,14818,4083,2186,6287,0.0,1918,0.0,0.0,0.0,0.0,0.0,0.0,0.0
12,H,20165,18460,16737,6002,4104,8206,1918,0.0,0.0,0.0,0.0,0.0,0.0,0.0,0.0
12,I,0.0,0.0,0.0,0.0,0.0,0.0,0.0,0.0,0.0,0.0,0.0,0.0,0.0,0.0,0.0
12,J,0.0,0.0,0.0,0.0,0.0,0.0,0.0,0.0,0.0,0.0,0.0,0.0,0.0,0.0,0.0
12,K,0.0,0.0,0.0,0.0,0.0,0.0,0.0,0.0,0.0,0.0,0.0,0.0,0.0,0.0,0.0
12,L,0.0,0.0,0.0,0.0,0.0,0.0,0.0,0.0,0.0,0.0,0.0,0.0,0.0,0.0,0.0
12,M,0.0,0.0,0.0,0.0,0.0,0.0,0.0,0.0,0.0,0.0,0.0,0.0,0.0,0.0,0.0
12,N,0.0,0.0,0.0,0.0,0.0,0.0,0.0,0.0,0.0,0.0,0.0,0.0,0.0,0.0,0.0
12,O,0.0,0.0,0.0,0.0,0.0,0.0,0.0,0.0,0.0,0.0,0.0,0.0,0.0,0.0,0.0
13,A,0.0,0.0,0.0,3170,4723,1247,6456,0.0,8529,10625,0.0,12441,14149,0.0,16097
13,B,0.0,0.0,0.0,0.0,0.0,0.0,0.0,0.0,0.0,0.0,0.0,0.0,0.0,0.0,0.0
13,C,0.0,0.0,0.0,0.0,0.0,0.0,0.0,0.0,0.0,0.0,0.0,0.0,0.0,0.0,0.0
13,D,3170,0.0,0.0,0.0,1552,1924,3285,0.0,5359,7455,0.0,9271,10979,0.0,12926
13,E,4723,0.0,0.0,1552,0.0,3476,1733,0.0,3806,5902,0.0,7719,9426,0.0,11374
13,F,1247,0.0,0.0,1924,3476,0.0,5209,0.0,7282,9378,0.0,11195,12902,0.0,14850
13,G,6456,0.0,0.0,3285,1733,5209,0.0,0.0,2073,4169,0.0,5986,7693,0.0,9641
13,H,0.0,0.0,0.0,0.0,0.0,0.0,0.0,0.0,0.0,0.0,0.0,0.0,0.0,0.0,0.0
13,I,8529,0.0,0.0,5359,3806,7282,2073,0.0,0.0,2096,0.0,3912,5620,0.0,7568
13,J,10625,0.0,0.0,7455,5902,9378,4169,0.0,2096,0.0,0.0,1816,3524,0.0,5472
13,K,0.0,0.0,0.0,0.0,0.0,0.0,0.0,0.0,0.0,0.0,0.0,0.0,0.0,0.0,0.0
13,L,12441,0.0,0.0,9271,7719,11195,5986,0.0,3912,1816,0.0,0.0,1708,0.0,3655
13,M,14149,0.0,0.0,10979,9426,12902,7693,0.0,5620,3524,0.0,1708,0.0,0.0,1948
13,N,0.0,0.0,0.0,0.0,0.0,0.0,0.0,0.0,0.0,0.0,0.0,0.0,0.0,0.0,0.0
13,O,16097,0.0,0.0,12926,11374,14850,9641,0.0,7568,5472,0.0,3655,1948,0.0,0.0
14,A,0.0,0.0,0.0,3551,5263,1643,7140,0.0,9235,11116,13154,0.0,14909,0.0,16991
14,B,0.0,0.0,0.0,0.0,0.0,0.0,0.0,0.0,0.0,0.0,0.0,0.0,0.0,0.0,0.0
14,C,0.0,0.0,0.0,0.0,0.0,0.0,0.0,0.0,0.0,0.0,0.0,0.0,0.0,0.0,0.0
14,D,3551,0.0,0.0,0.0,1712,1908,3589,0.0,5684,7565,9603,0.0,11358,0.0,13440
14,E,5263,0.0,0.0,1712,0.0,3620,1877,0.0,3971,5853,7891,0.0,9646,0.0,11728
14,F,1643,0.0,0.0,1908,3620,0.0,5497,0.0,7592,9473,11511,0.0,13266,0.0,15348
14,G,7140,0.0,0.0,3589,1877,5497,0.0,0.0,2095,3976,6014,0.0,7769,0.0,9851
14,H,0.0,0.0,0.0,0.0,0.0,0.0,0.0,0.0,0.0,0.0,0.0,0.0,0.0,0.0,0.0
14,I,9235,0.0,0.0,5684,3971,7592,2095,0.0,0.0,1881,3919,0.0,5674,0.0,7756
14,J,11116,0.0,0.0,7565,5853,9473,3976,0.0,1881,0.0,2038,0.0,3793,0.0,5875
14,K,13154,0.0,0.0,9603,7891,11511,6014,0.0,3919,2038,0.0,0.0,1755,0.0,3837
14,L,0.0,0.0,0.0,0.0,0.0,0.0,0.0,0.0,0.0,0.0,0.0,0.0,0.0,0.0,0.0
14,M,14909,0.0,0.0,11358,9646,13266,7769,0.0,5674,3793,1755,0.0,0.0,0.0,2082
14,N,0.0,0.0,0.0,0.0,0.0,0.0,0.0,0.0,0.0,0.0,0.0,0.0,0.0,0.0,0.0
14,O,16991,0.0,0.0,13440,11728,15348,9851,0.0,7756,5875,3837,0.0,2082,0.0,0.0
15,A,0.0,0.0,0.0,3585,5539,1723,7298,9074,0.0,0.0,0.0,0.0,0.0,0.0,0.0
15,B,0.0,0.0,0.0,0.0,0.0,0.0,0.0,0.0,0.0,0.0,0.0,0.0,0.0,0.0,0.0
15,C,0.0,0.0,0.0,0.0,0.0,0.0,0.0,0.0,0.0,0.0,0.0,0.0,0.0,0.0,0.0
15,D,3585,0.0,0.0,0.0,1954,1862,3713,5489,0.0,0.0,0.0,0.0,0.0,0.0,0.0
15,E,5539,0.0,0.0,1954,0.0,3815,1760,3535,0.0,0.0,0.0,0.0,0.0,0.0,0.0
15,F,1723,0.0,0.0,1862,3815,0.0,5575,7351,0.0,0.0,0.0,0.0,0.0,0.0,0.0
15,G,7298,0.0,0.0,3713,1760,5575,0.0,1776,0.0,0.0,0.0,0.0,0.0,0.0,0.0
15,H,9074,0.0,0.0,5489,3535,7351,1776,0.0,0.0,0.0,0.0,0.0,0.0,0.0,0.0
15,I,0.0,0.0,0.0,0.0,0.0,0.0,0.0,0.0,0.0,0.0,0.0,0.0,0.0,0.0,0.0
15,J,0.0,0.0,0.0,0.0,0.0,0.0,0.0,0.0,0.0,0.0,0.0,0.0,0.0,0.0,0.0
15,K,0.0,0.0,0.0,0.0,0.0,0.0,0.0,0.0,0.0,0.0,0.0,0.0,0.0,0.0,0.0
15,L,0.0,0.0,0.0,0.0,0.0,0.0,0.0,0.0,0.0,0.0,0.0,0.0,0.0,0.0,0.0
15,M,0.0,0.0,0.0,0.0,0.0,0.0,0.0,0.0,0.0,0.0,0.0,0.0,0.0,0.0,0.0
15,N,0.0,0.0,0.0,0.0,0.0,0.0,0.0,0.0,0.0,0.0,0.0,0.0,0.0,0.0,0.0
15,O,0.0,0.0,0.0,0.0,0.0,0.0,0.0,0.0,0.0,0.0,0.0,0.0,0.0,0.0,0.0
16,A,0.0,1967,4044,14510,16499,12988,18116,19598,0.0,0.0,0.0,0.0,0.0,0.0,0.0
16,B,1967,0.0,2077,12543,14532,11021,16149,17631,0.0,0.0,0.0,0.0,0.0,0.0,0.0
16,C,4044,2077,0.0,10467,12455,8944,14073,15554,0.0,0.0,0.0,0.0,0.0,0.0,0.0
16,D,14510,12543,10467,0.0,1989,1522,3606,5088,0.0,0.0,0.0,0.0,0.0,0.0,0.0
16,E,16499,14532,12455,1989,0.0,3511,1617,3099,0.0,0.0,0.0,0.0,0.0,0.0,0.0
16,F,12988,11021,8944,1522,3511,0.0,5128,6610,0.0,0.0,0.0,0.0,0.0,0.0,0.0
16,G,18116,16149,14073,3606,1617,5128,0.0,1481,0.0,0.0,0.0,0.0,0.0,0.0,0.0
16,H,19598,17631,15554,5088,3099,6610,1481,0.0,0.0,0.0,0.0,0.0,0.0,0.0,0.0
16,I,0.0,0.0,0.0,0.0,0.0,0.0,0.0,0.0,0.0,0.0,0.0,0.0,0.0,0.0,0.0
16,J,0.0,0.0,0.0,0.0,0.0,0.0,0.0,0.0,0.0,0.0,0.0,0.0,0.0,0.0,0.0
16,K,0.0,0.0,0.0,0.0,0.0,0.0,0.0,0.0,0.0,0.0,0.0,0.0,0.0,0.0,0.0
16,L,0.0,0.0,0.0,0.0,0.0,0.0,0.0,0.0,0.0,0.0,0.0,0.0,0.0,0.0,0.0
16,M,0.0,0.0,0.0,0.0,0.0,0.0,0.0,0.0,0.0,0.0,0.0,0.0,0.0,0.0,0.0
16,N,0.0,0.0,0.0,0.0,0.0,0.0,0.0,0.0,0.0,0.0,0.0,0.0,0.0,0.0,0.0
16,O,0.0,0.0,0.0,0.0,0.0,0.0,0.0,0.0,0.0,0.0,0.0,0.0,0.0,0.0,0.0
17,A,0.0,1318,3398,9081,10824,7252,12331,0.0,13986,15828,17625,0.0,19666,21157,0.0
17,B,1318,0.0,2080,7763,9506,5934,11013,0.0,12668,14510,16306,0.0,18348,19839,0.0
17,C,3398,2080,0.0,5683,7426,3854,8933,0.0,10589,12430,14227,0.0,16268,17759,0.0
17,D,9081,7763,5683,0.0,1743,1829,3250,0.0,4905,6747,8543,0.0,10585,12076,0.0
17,E,10824,9506,7426,1743,0.0,3572,1506,0.0,3162,5004,6800,0.0,8842,10333,0.0
17,F,7252,5934,3854,1829,3572,0.0,5079,0.0,6735,8576,10373,0.0,12414,13905,0.0
17,G,12331,11013,8933,3250,1506,5079,0.0,0.0,1656,3497,5294,0.0,7335,8826,0.0
17,H,0.0,0.0,0.0,0.0,0.0,0.0,0.0,0.0,0.0,0.0,0.0,0.0,0.0,0.0,0.0
17,I,13986,12668,10589,4905,3162,6735,1656,0.0,0.0,1842,3638,0.0,5679,7171,0.0
17,J,15828,14510,12430,6747,5004,8576,3497,0.0,1842,0.0,1796,0.0,3838,5329,0.0
17,K,17625,16306,14227,8543,6800,10373,5294,0.0,3638,1796,0.0,0.0,2041,3532,0.0
17,L,0.0,0.0,0.0,0.0,0.0,0.0,0.0,0.0,0.0,0.0,0.0,0.0,0.0,0.0,0.0
17,M,19666,18348,16268,10585,8842,12414,7335,0.0,5679,3838,2041,0.0,0.0,1491,0.0
17,N,21157,19839,17759,12076,10333,13905,8826,0.0,7171,5329,3532,0.0,1491,0.0,0.0
17,O,0.0,0.0,0.0,0.0,0.0,0.0,0.0,0.0,0.0,0.0,0.0,0.0,0.0,0.0,0.0
18,A,0.0,0.0,0.0,3550,5318,1718,7181,0.0,9083,10983,0.0,12791,14674,16177,0.0
18,B,0.0,0.0,0.0,0.0,0.0,0.0,0.0,0.0,0.0,0.0,0.0,0.0,0.0,0.0,0.0
18,C,0.0,0.0,0.0,0.0,0.0,0.0,0.0,0.0,0.0,0.0,0.0,0.0,0.0,0.0,0.0
18,D,3550,0.0,0.0,0.0,1767,1832,3630,0.0,5533,7433,0.0,9241,11124,12627,0.0
18,E,5318,0.0,0.0,1767,0.0,3599,1863,0.0,3765,5665,0.0,7474,9357,10860,0.0
18,F,1718,0.0,0.0,1832,3599,0.0,5462,0.0,7365,9265,0.0,11073,12956,14459,0.0
18,G,7181,0.0,0.0,3630,1863,5462,0.0,0.0,1903,3803,0.0,5611,7494,8997,0.0
18,H,0.0,0.0,0.0,0.0,0.0,0.0,0.0,0.0,0.0,0.0,0.0,0.0,0.0,0.0,0.0
18,I,9083,0.0,0.0,5533,3765,7365,1903,0.0,0.0,1900,0.0,3708,5591,7094,0.0
18,J,10983,0.0,0.0,7433,5665,9265,3803,0.0,1900,0.0,0.0,1808,3691,5194,0.0
18,K,0.0,0.0,0.0,0.0,0.0,0.0,0.0,0.0,0.0,0.0,0.0,0.0,0.0,0.0,0.0
18,L,12791,0.0,0.0,9241,7474,11073,5611,0.0,3708,1808,0.0,0.0,1883,3386,0.0
18,M,14674,0.0,0.0,11124,9357,12956,7494,0.0,5591,3691,0.0,1883,0.0,1503,0.0
18,N,16177,0.0,0.0,12627,10860,14459,8997,0.0,7094,5194,0.0,3386,1503,0.0,0.0
18,O,0.0,0.0,0.0,0.0,0.0,0.0,0.0,0.0,0.0,0.0,0.0,0.0,0.0,0.0,0.0
19,A,0.0,0.0,0.0,3897,5800,2228,7597,0.0,9465,11458,13306,0.0,15065,16996,0.0
19,B,0.0,0.0,0.0,0.0,0.0,0.0,0.0,0.0,0.0,0.0,0.0,0.0,0.0,0.0,0.0
19,C,0.0,0.0,0.0,0.0,0.0,0.0,0.0,0.0,0.0,0.0,0.0,0.0,0.0,0.0,0.0
19,D,3897,0.0,0.0,0.0,1903,1669,3700,0.0,5568,7561,9409,0.0,11168,13100,0.0
19,E,5800,0.0,0.0,1903,0.0,3572,1798,0.0,3665,5658,7506,0.0,9265,11197,0.0
19,F,2228,0.0,0.0,1669,3572,0.0,5370,0.0,7237,9230,11078,0.0,12837,14769,0.0
19,G,7597,0.0,0.0,3700,1798,5370,0.0,0.0,1868,3860,5709,0.0,7468,9399,0.0
19,H,0.0,0.0,0.0,0.0,0.0,0.0,0.0,0.0,0.0,0.0,0.0,0.0,0.0,0.0,0.0
19,I,9465,0.0,0.0,5568,3665,7237,1868,0.0,0.0,1992,3841,0.0,5600,7531,0.0
19,J,11458,0.0,0.0,7561,5658,9230,3860,0.0,1992,0.0,1849,0.0,3607,5539,0.0
19,K,13306,0.0,0.0,9409,7506,11078,5709,0.0,3841,1849,0.0,0.0,1759,3690,0.0
19,L,0.0,0.0,0.0,0.0,0.0,0.0,0.0,0.0,0.0,0.0,0.0,0.0,0.0,0.0,0.0
19,M,15065,0.0,0.0,11168,9265,12837,7468,0.0,5600,3607,1759,0.0,0.0,1932,0.0
19,N,16996,0.0,0.0,13100,11197,14769,9399,0.0,7531,5539,3690,0.0,1932,0.0,0.0
19,O,0.0,0.0,0.0,0.0,0.0,0.0,0.0,0.0,0.0,0.0,0.0,0.0,0.0,0.0,0.0
20,A,0.0,1768,3773,15291,17137,13472,18955,0.0,20941,22906,24725,0.0,26449,0.0,28045
20,B,1768,0.0,2005,13523,15368,11703,17186,0.0,19173,21138,22957,0.0,24681,0.0,26276
20,C,3773,2005,0.0,11518,13363,9699,15181,0.0,17168,19133,20952,0.0,22676,0.0,24271
20,D,15291,13523,11518,0.0,1845,1820,3663,0.0,5650,7615,9434,0.0,11158,0.0,12753
20,E,17137,15368,13363,1845,0.0,3665,1818,0.0,3805,5770,7589,0.0,9313,0.0,10908
20,F,13472,11703,9699,1820,3665,0.0,5483,0.0,7470,9435,11254,0.0,12978,0.0,14573
20,G,18955,17186,15181,3663,1818,5483,0.0,0.0,1987,3952,5771,0.0,7495,0.0,9090
20,H,0.0,0.0,0.0,0.0,0.0,0.0,0.0,0.0,0.0,0.0,0.0,0.0,0.0,0.0,0.0
20,I,20941,19173,17168,5650,3805,7470,1987,0.0,0.0,1965,3784,0.0,5508,0.0,7103
20,J,22906,21138,19133,7615,5770,9435,3952,0.0,1965,0.0,1819,0.0,3543,0.0,5138
20,K,24725,22957,20952,9434,7589,11254,5771,0.0,3784,1819,0.0,0.0,1724,0.0,3319
20,L,0.0,0.0,0.0,0.0,0.0,0.0,0.0,0.0,0.0,0.0,0.0,0.0,0.0,0.0,0.0
20,M,26449,24681,22676,11158,9313,12978,7495,0.0,5508,3543,1724,0.0,0.0,0.0,1595
20,N,0.0,0.0,0.0,0.0,0.0,0.0,0.0,0.0,0.0,0.0,0.0,0.0,0.0,0.0,0.0
20,O,28045,26276,24271,12753,10908,14573,9090,0.0,7103,5138,3319,0.0,1595,0.0,0.0
21,A,0.0,0.0,0.0,3546,5210,1708,6684,0.0,8628,10341,12665,0.0,14572,16065,0.0
21,B,0.0,0.0,0.0,0.0,0.0,0.0,0.0,0.0,0.0,0.0,0.0,0.0,0.0,0.0,0.0
21,C,0.0,0.0,0.0,0.0,0.0,0.0,0.0,0.0,0.0,0.0,0.0,0.0,0.0,0.0,0.0
21,D,3546,0.0,0.0,0.0,1664,1838,3138,0.0,5083,6795,9120,0.0,11026,12519,0.0
21,E,5210,0.0,0.0,1664,0.0,3502,1474,0.0,3419,5131,7456,0.0,9362,10855,0.0
21,F,1708,0.0,0.0,1838,3502,0.0,4976,0.0,6920,8633,10957,0.0,12864,14357,0.0
21,G,6684,0.0,0.0,3138,1474,4976,0.0,0.0,1944,3657,5981,0.0,7888,9381,0.0
21,H,0.0,0.0,0.0,0.0,0.0,0.0,0.0,0.0,0.0,0.0,0.0,0.0,0.0,0.0,0.0
21,I,8628,0.0,0.0,5083,3419,6920,1944,0.0,0.0,1713,4037,0.0,5944,7437,0.0
21,J,10341,0.0,0.0,6795,5131,8633,3657,0.0,1713,0.0,2324,0.0,4231,5724,0.0
21,K,12665,0.0,0.0,9120,7456,10957,5981,0.0,4037,2324,0.0,0.0,1907,3400,0.0
21,L,0.0,0.0,0.0,0.0,0.0,0.0,0.0,0.0,0.0,0.0,0.0,0.0,0.0,0.0,0.0
21,M,14572,0.0,0.0,11026,9362,12864,7888,0.0,5944,4231,1907,0.0,0.0,1493,0.0
21,N,16065,0.0,0.0,12519,10855,14357,9381,0.0,7437,5724,3400,0.0,1493,0.0,0.0
21,O,0.0,0.0,0.0,0.0,0.0,0.0,0.0,0.0,0.0,0.0,0.0,0.0,0.0,0.0,0.0
22,A,0.0,1835,3894,9050,10868,7433,12675,14279,0.0,0.0,0.0,0.0,0.0,0.0,0.0
22,B,1835,0.0,2059,7215,9033,5598,10840,12444,0.0,0.0,0.0,0.0,0.0,0.0,0.0
22,C,3894,2059,0.0,5157,6974,3539,8781,10385,0.0,0.0,0.0,0.0,0.0,0.0,0.0
22,D,9050,7215,5157,0.0,1817,1618,3625,5229,0.0,0.0,0.0,0.0,0.0,0.0,0.0
22,E,10868,9033,6974,1817,0.0,3435,1807,3411,0.0,0.0,0.0,0.0,0.0,0.0,0.0
22,F,7433,5598,3539,1618,3435,0.0,5242,6846,0.0,0.0,0.0,0.0,0.0,0.0,0.0
22,G,12675,10840,8781,3625,1807,5242,0.0,1604,0.0,0.0,0.0,0.0,0.0,0.0,0.0
22,H,14279,12444,10385,5229,3411,6846,1604,0.0,0.0,0.0,0.0,0.0,0.0,0.0,0.0
22,I,0.0,0.0,0.0,0.0,0.0,0.0,0.0,0.0,0.0,0.0,0.0,0.0,0.0,0.0,0.0
22,J,0.0,0.0,0.0,0.0,0.0,0.0,0.0,0.0,0.0,0.0,0.0,0.0,0.0,0.0,0.0
22,K,0.0,0.0,0.0,0.0,0.0,0.0,0.0,0.0,0.0,0.0,0.0,0.0,0.0,0.0,0.0
22,L,0.0,0.0,0.0,0.0,0.0,0.0,0.0,0.0,0.0,0.0,0.0,0.0,0.0,0.0,0.0
22,M,0.0,0.0,0.0,0.0,0.0,0.0,0.0,0.0,0.0,0.0,0.0,0.0,0.0,0.0,0.0
22,N,0.0,0.0,0.0,0.0,0.0,0.0,0.0,0.0,0.0,0.0,0.0,0.0,0.0,0.0,0.0
22,O,0.0,0.0,0.0,0.0,0.0,0.0,0.0,0.0,0.0,0.0,0.0,0.0,0.0,0.0,0.0
23,A,0.0,0.0,0.0,3640,5207,1837,6978,0.0,8917,10435,0.0,12124,13988,15891,0.0
23,B,0.0,0.0,0.0,0.0,0.0,0.0,0.0,0.0,0.0,0.0,0.0,0.0,0.0,0.0,0.0
23,C,0.0,0.0,0.0,0.0,0.0,0.0,0.0,0.0,0.0,0.0,0.0,0.0,0.0,0.0,0.0
23,D,3640,0.0,0.0,0.0,1568,1802,3339,0.0,5277,6795,0.0,8484,10348,12251,0.0
23,E,5207,0.0,0.0,1568,0.0,3370,1771,0.0,3709,5228,0.0,6917,8780,10683,0.0
23,F,1837,0.0,0.0,1802,3370,0.0,5141,0.0,7079,8597,0.0,10286,12150,14053,0.0
23,G,6978,0.0,0.0,3339,1771,5141,0.0,0.0,1938,3456,0.0,5146,7009,8912,0.0
23,H,0.0,0.0,0.0,0.0,0.0,0.0,0.0,0.0,0.0,0.0,0.0,0.0,0.0,0.0,0.0
23,I,8917,0.0,0.0,5277,3709,7079,1938,0.0,0.0,1518,0.0,3207,5071,6974,0.0
23,J,10435,0.0,0.0,6795,5228,8597,3456,0.0,1518,0.0,0.0,1689,3553,5456,0.0
23,K,0.0,0.0,0.0,0.0,0.0,0.0,0.0,0.0,0.0,0.0,0.0,0.0,0.0,0.0,0.0
23,L,12124,0.0,0.0,8484,6917,10286,5146,0.0,3207,1689,0.0,0.0,1864,3767,0.0
23,M,13988,0.0,0.0,10348,8780,12150,7009,0.0,5071,3553,0.0,1864,0.0,1903,0.0
23,N,15891,0.0,0.0,12251,10683,14053,8912,0.0,6974,5456,0.0,3767,1903,0.0,0.0
23,O,0.0,0.0,0.0,0.0,0.0,0.0,0.0,0.0,0.0,0.0,0.0,0.0,0.0,0.0,0.0
24,A,0.0,1678,3607,24552,26089,22979,28085,0.0,30064,31828,0.0,33706,35496,0.0,37472
24,B,1678,0.0,1929,22874,24411,21301,26407,0.0,28386,30150,0.0,32028,33818,0.0,35794
24,C,3607,1929,0.0,20946,22482,19372,24479,0.0,26457,28221,0.0,30099,31890,0.0,33865
24,D,24552,22874,20946,0.0,1537,1573,3533,0.0,5512,7276,0.0,9153,10944,0.0,12919
24,E,26089,24411,22482,1537,0.0,3110,1996,0.0,3975,5739,0.0,7617,9407,0.0,11383
24,F,22979,21301,19372,1573,3110,0.0,5106,0.0,7085,8849,0.0,10727,12517,0.0,14493
24,G,28085,26407,24479,3533,1996,5106,0.0,0.0,1979,3743,0.0,5621,7411,0.0,9387
24,H,0.0,0.0,0.0,0.0,0.0,0.0,0.0,0.0,0.0,0.0,0.0,0.0,0.0,0.0,0.0
24,I,30064,28386,26457,5512,3975,7085,1979,0.0,0.0,1764,0.0,3642,5432,0.0,7408
24,J,31828,30150,28221,7276,5739,8849,3743,0.0,1764,0.0,0.0,1878,3668,0.0,5644
24,K,0.0,0.0,0.0,0.0,0.0,0.0,0.0,0.0,0.0,0.0,0.0,0.0,0.0,0.0,0.0
24,L,33706,32028,30099,9153,7617,10727,5621,0.0,3642,1878,0.0,0.0,1790,0.0,3766
24,M,35496,33818,31890,10944,9407,12517,7411,0.0,5432,3668,0.0,1790,0.0,0.0,1976
24,N,0.0,0.0,0.0,0.0,0.0,0.0,0.0,0.0,0.0,0.0,0.0,0.0,0.0,0.0,0.0
24,O,37472,35794,33865,12919,11383,14493,9387,0.0,7408,5644,0.0,3766,1976,0.0,0.0
25,A,0.0,0.0,0.0,3275,4900,1624,6701,8564,0.0,0.0,0.0,0.0,0.0,0.0,0.0
25,B,0.0,0.0,0.0,0.0,0.0,0.0,0.0,0.0,0.0,0.0,0.0,0.0,0.0,0.0,0.0
25,C,0.0,0.0,0.0,0.0,0.0,0.0,0.0,0.0,0.0,0.0,0.0,0.0,0.0,0.0,0.0
25,D,3275,0.0,0.0,0.0,1625,1651,3426,5289,0.0,0.0,0.0,0.0,0.0,0.0,0.0
25,E,4900,0.0,0.0,1625,0.0,3276,1801,3664,0.0,0.0,0.0,0.0,0.0,0.0,0.0
25,F,1624,0.0,0.0,1651,3276,0.0,5077,6940,0.0,0.0,0.0,0.0,0.0,0.0,0.0
25,G,6701,0.0,0.0,3426,1801,5077,0.0,1863,0.0,0.0,0.0,0.0,0.0,0.0,0.0
25,H,8564,0.0,0.0,5289,3664,6940,1863,0.0,0.0,0.0,0.0,0.0,0.0,0.0,0.0
25,I,0.0,0.0,0.0,0.0,0.0,0.0,0.0,0.0,0.0,0.0,0.0,0.0,0.0,0.0,0.0
25,J,0.0,0.0,0.0,0.0,0.0,0.0,0.0,0.0,0.0,0.0,0.0,0.0,0.0,0.0,0.0
25,K,0.0,0.0,0.0,0.0,0.0,0.0,0.0,0.0,0.0,0.0,0.0,0.0,0.0,0.0,0.0
25,L,0.0,0.0,0.0,0.0,0.0,0.0,0.0,0.0,0.0,0.0,0.0,0.0,0.0,0.0,0.0
25,M,0.0,0.0,0.0,0.0,0.0,0.0,0.0,0.0,0.0,0.0,0.0,0.0,0.0,0.0,0.0
25,N,0.0,0.0,0.0,0.0,0.0,0.0,0.0,0.0,0.0,0.0,0.0,0.0,0.0,0.0,0.0
25,O,0.0,0.0,0.0,0.0,0.0,0.0,0.0,0.0,0.0,0.0,0.0,0.0,0.0,0.0,0.0
26,A,0.0,0.0,0.0,3547,5397,1927,6941,8811,0.0,0.0,0.0,0.0,0.0,0.0,0.0
26,B,0.0,0.0,0.0,0.0,0.0,0.0,0.0,0.0,0.0,0.0,0.0,0.0,0.0,0.0,0.0
26,C,0.0,0.0,0.0,0.0,0.0,0.0,0.0,0.0,0.0,0.0,0.0,0.0,0.0,0.0,0.0
26,D,3547,0.0,0.0,0.0,1850,1621,3394,5264,0.0,0.0,0.0,0.0,0.0,0.0,0.0
26,E,5397,0.0,0.0,1850,0.0,3470,1544,3414,0.0,0.0,0.0,0.0,0.0,0.0,0.0
26,F,1927,0.0,0.0,1621,3470,0.0,5015,6884,0.0,0.0,0.0,0.0,0.0,0.0,0.0
26,G,6941,0.0,0.0,3394,1544,5015,0.0,1870,0.0,0.0,0.0,0.0,0.0,0.0,0.0
26,H,8811,0.0,0.0,5264,3414,6884,1870,0.0,0.0,0.0,0.0,0.0,0.0,0.0,0.0
26,I,0.0,0.0,0.0,0.0,0.0,0.0,0.0,0.0,0.0,0.0,0.0,0.0,0.0,0.0,0.0
26,J,0.0,0.0,0.0,0.0,0.0,0.0,0.0,0.0,0.0,0.0,0.0,0.0,0.0,0.0,0.0
26,K,0.0,0.0,0.0,0.0,0.0,0.0,0.0,0.0,0.0,0.0,0.0,0.0,0.0,0.0,0.0
26,L,0.0,0.0,0.0,0.0,0.0,0.0,0.0,0.0,0.0,0.0,0.0,0.0,0.0,0.0,0.0
26,M,0.0,0.0,0.0,0.0,0.0,0.0,0.0,0.0,0.0,0.0,0.0,0.0,0.0,0.0,0.0
26,N,0.0,0.0,0.0,0.0,0.0,0.0,0.0,0.0,0.0,0.0,0.0,0.0,0.0,0.0,0.0
26,O,0.0,0.0,0.0,0.0,0.0,0.0,0.0,0.0,0.0,0.0,0.0,0.0,0.0,0.0,0.0
27,A,0.0,0.0,0.0,3604,5200,1591,7156,0.0,8900,10750,12622,0.0,14403,15968,0.0
27,B,0.0,0.0,0.0,0.0,0.0,0.0,0.0,0.0,0.0,0.0,0.0,0.0,0.0,0.0,0.0
27,C,0.0,0.0,0.0,0.0,0.0,0.0,0.0,0.0,0.0,0.0,0.0,0.0,0.0,0.0,0.0
27,D,3604,0.0,0.0,0.0,1597,2013,3552,0.0,5296,7146,9018,0.0,10799,12365,0.0
27,E,5200,0.0,0.0,1597,0.0,3610,1955,0.0,3699,5549,7421,0.0,9202,10768,0.0
27,F,1591,0.0,0.0,2013,3610,0.0,5565,0.0,7309,9159,11031,0.0,12812,14378,0.0
27,G,7156,0.0,0.0,3552,1955,5565,0.0,0.0,1744,3594,5466,0.0,7247,8813,0.0
27,H,0.0,0.0,0.0,0.0,0.0,0.0,0.0,0.0,0.0,0.0,0.0,0.0,0.0,0.0,0.0
27,I,8900,0.0,0.0,5296,3699,7309,1744,0.0,0.0,1850,3722,0.0,5503,7069,0.0
27,J,10750,0.0,0.0,7146,5549,9159,3594,0.0,1850,0.0,1872,0.0,3653,5219,0.0
27,K,12622,0.0,0.0,9018,7421,11031,5466,0.0,3722,1872,0.0,0.0,1781,3347,0.0
27,L,0.0,0.0,0.0,0.0,0.0,0.0,0.0,0.0,0.0,0.0,0.0,0.0,0.0,0.0,0.0
27,M,14403,0.0,0.0,10799,9202,12812,7247,0.0,5503,3653,1781,0.0,0.0,1566,0.0
27,N,15968,0.0,0.0,12365,10768,14378,8813,0.0,7069,5219,3347,0.0,1566,0.0,0.0
27,O,0.0,0.0,0.0,0.0,0.0,0.0,0.0,0.0,0.0,0.0,0.0,0.0,0.0,0.0,0.0
28,A,0.0,0.0,0.0,3494,5389,1374,7442,0.0,9143,11109,12982,0.0,14720,16417,0.0
28,B,0.0,0.0,0.0,0.0,0.0,0.0,0.0,0.0,0.0,0.0,0.0,0.0,0.0,0.0,0.0
28,C,0.0,0.0,0.0,0.0,0.0,0.0,0.0,0.0,0.0,0.0,0.0,0.0,0.0,0.0,0.0
28,D,3494,0.0,0.0,0.0,1895,2120,3948,0.0,5649,7615,9488,0.0,11226,12923,0.0
28,E,5389,0.0,0.0,1895,0.0,4015,2054,0.0,3754,5721,7593,0.0,9331,11028,0.0
28,F,1374,0.0,0.0,2120,4015,0.0,6069,0.0,7769,9736,11608,0.0,13346,15043,0.0
28,G,7442,0.0,0.0,3948,2054,6069,0.0,0.0,1700,3667,5540,0.0,7277,8975,0.0
28,H,0.0,0.0,0.0,0.0,0.0,0.0,0.0,0.0,0.0,0.0,0.0,0.0,0.0,0.0,0.0
28,I,9143,0.0,0.0,5649,3754,7769,1700,0.0,0.0,1967,3839,0.0,5577,7274,0.0
28,J,11109,0.0,0.0,7615,5721,9736,3667,0.0,1967,0.0,1873,0.0,3610,5308,0.0
28,K,12982,0.0,0.0,9488,7593,11608,5540,0.0,3839,1873,0.0,0.0,1738,3435,0.0
28,L,0.0,0.0,0.0,0.0,0.0,0.0,0.0,0.0,0.0,0.0,0.0,0.0,0.0,0.0,0.0
28,M,14720,0.0,0.0,11226,9331,13346,7277,0.0,5577,3610,1738,0.0,0.0,1697,0.0
28,N,16417,0.0,0.0,12923,11028,15043,8975,0.0,7274,5308,3435,0.0,1697,0.0,0.0
28,O,0.0,0.0,0.0,0.0,0.0,0.0,0.0,0.0,0.0,0.0,0.0,0.0,0.0,0.0,0.0
29,A,0.0,0.0,0.0,3702,5178,1732,7189,0.0,8905,10736,12806,0.0,14659,16530,0.0
29,B,0.0,0.0,0.0,0.0,0.0,0.0,0.0,0.0,0.0,0.0,0.0,0.0,0.0,0.0,0.0
29,C,0.0,0.0,0.0,0.0,0.0,0.0,0.0,0.0,0.0,0.0,0.0,0.0,0.0,0.0,0.0
29,D,3702,0.0,0.0,0.0,1477,1970,3487,0.0,5203,7034,9104,0.0,10957,12828,0.0
29,E,5178,0.0,0.0,1477,0.0,3447,2010,0.0,3726,5557,7628,0.0,9480,11352,0.0
29,F,1732,0.0,0.0,1970,3447,0.0,5457,0.0,7173,9004,11074,0.0,12927,14798,0.0
29,G,7189,0.0,0.0,3487,2010,5457,0.0,0.0,1716,3547,5618,0.0,7470,9342,0.0
29,H,0.0,0.0,0.0,0.0,0.0,0.0,0.0,0.0,0.0,0.0,0.0,0.0,0.0,0.0,0.0
29,I,8905,0.0,0.0,5203,3726,7173,1716,0.0,0.0,1831,3901,0.0,5754,7625,0.0
29,J,10736,0.0,0.0,7034,5557,9004,3547,0.0,1831,0.0,2070,0.0,3923,5794,0.0
29,K,12806,0.0,0.0,9104,7628,11074,5618,0.0,3901,2070,0.0,0.0,1853,3724,0.0
29,L,0.0,0.0,0.0,0.0,0.0,0.0,0.0,0.0,0.0,0.0,0.0,0.0,0.0,0.0,0.0
29,M,14659,0.0,0.0,10957,9480,12927,7470,0.0,5754,3923,1853,0.0,0.0,1871,0.0
29,N,16530,0.0,0.0,12828,11352,14798,9342,0.0,7625,5794,3724,0.0,1871,0.0,0.0
29,O,0.0,0.0,0.0,0.0,0.0,0.0,0.0,0.0,0.0,0.0,0.0,0.0,0.0,0.0,0.0
30,A,0.0,0.0,0.0,3361,5245,1662,7278,9247,0.0,0.0,0.0,0.0,0.0,0.0,0.0
30,B,0.0,0.0,0.0,0.0,0.0,0.0,0.0,0.0,0.0,0.0,0.0,0.0,0.0,0.0,0.0
30,C,0.0,0.0,0.0,0.0,0.0,0.0,0.0,0.0,0.0,0.0,0.0,0.0,0.0,0.0,0.0
30,D,3361,0.0,0.0,0.0,1884,1699,3917,5886,0.0,0.0,0.0,0.0,0.0,0.0,0.0
30,E,5245,0.0,0.0,1884,0.0,3584,2032,4001,0.0,0.0,0.0,0.0,0.0,0.0,0.0
30,F,1662,0.0,0.0,1699,3584,0.0,5616,7585,0.0,0.0,0.0,0.0,0.0,0.0,0.0
30,G,7278,0.0,0.0,3917,2032,5616,0.0,1969,0.0,0.0,0.0,0.0,0.0,0.0,0.0
30,H,9247,0.0,0.0,5886,4001,7585,1969,0.0,0.0,0.0,0.0,0.0,0.0,0.0,0.0
30,I,0.0,0.0,0.0,0.0,0.0,0.0,0.0,0.0,0.0,0.0,0.0,0.0,0.0,0.0,0.0
30,J,0.0,0.0,0.0,0.0,0.0,0.0,0.0,0.0,0.0,0.0,0.0,0.0,0.0,0.0,0.0
30,K,0.0,0.0,0.0,0.0,0.0,0.0,0.0,0.0,0.0,0.0,0.0,0.0,0.0,0.0,0.0
30,L,0.0,0.0,0.0,0.0,0.0,0.0,0.0,0.0,0.0,0.0,0.0,0.0,0.0,0.0,0.0
30,M,0.0,0.0,0.0,0.0,0.0,0.0,0.0,0.0,0.0,0.0,0.0,0.0,0.0,0.0,0.0
30,N,0.0,0.0,0.0,0.0,0.0,0.0,0.0,0.0,0.0,0.0,0.0,0.0,0.0,0.0,0.0
30,O,0.0,0.0,0.0,0.0,0.0,0.0,0.0,0.0,0.0,0.0,0.0,0.0,0.0,0.0,0.0
31,A,0.0,1827,3431,14160,15699,12487,17646,0.0,19160,20905,0.0,22893,24544,26127,0.0
31,B,1827,0.0,1604,12333,13871,10660,15818,0.0,17333,19078,0.0,21066,22717,24299,0.0
31,C,3431,1604,0.0,10729,12268,9056,14214,0.0,15729,17474,0.0,19462,21113,22695,0.0
31,D,14160,12333,10729,0.0,1539,1673,3486,0.0,5000,6745,0.0,8733,10384,11966,0.0
31,E,15699,13871,12268,1539,0.0,3212,1947,0.0,3461,5206,0.0,7195,8845,10428,0.0
31,F,12487,10660,9056,1673,3212,0.0,5159,0.0,6673,8418,0.0,10406,12057,13640,0.0
31,G,17646,15818,14214,3486,1947,5159,0.0,0.0,1514,3260,0.0,5248,6898,8481,0.0
31,H,0.0,0.0,0.0,0.0,0.0,0.0,0.0,0.0,0.0,0.0,0.0,0.0,0.0,0.0,0.0
31,I,19160,17333,15729,5000,3461,6673,1514,0.0,0.0,1745,0.0,3733,5384,6966,0.0
31,J,20905,19078,17474,6745,5206,8418,3260,0.0,1745,0.0,0.0,1988,3639,5221,0.0
31,K,0.0,0.0,0.0,0.0,0.0,0.0,0.0,0.0,0.0,0.0,0.0,0.0,0.0,0.0,0.0
31,L,22893,21066,19462,8733,7195,10406,5248,0.0,3733,1988,0.0,0.0,1650,3233,0.0
31,M,24544,22717,21113,10384,8845,12057,6898,0.0,5384,3639,0.0,1650,0.0,1583,0.0
31,N,26127,24299,22695,11966,10428,13640,8481,0.0,6966,5221,0.0,3233,1583,0.0,0.0
31,O,0.0,0.0,0.0,0.0,0.0,0.0,0.0,0.0,0.0,0.0,0.0,0.0,0.0,0.0,0.0
32,A,0.0,1890,3608,9666,11345,7533,13245,0.0,14987,16850,18737,0.0,20796,22592,0.0
32,B,1890,0.0,1718,7776,9455,5644,11355,0.0,13097,14960,16847,0.0,18907,20703,0.0
32,C,3608,1718,0.0,6058,7737,3925,9637,0.0,11379,13242,15129,0.0,17188,18985,0.0
32,D,9666,7776,6058,0.0,1680,2132,3579,0.0,5321,7185,9071,0.0,11131,12927,0.0
32,E,11345,9455,7737,1680,0.0,3812,1900,0.0,3641,5505,7392,0.0,9451,11247,0.0
32,F,7533,5644,3925,2132,3812,0.0,5711,0.0,7453,9317,11203,0.0,13263,15059,0.0
32,G,13245,11355,9637,3579,1900,5711,0.0,0.0,1742,3605,5492,0.0,7551,9348,0.0
32,H,0.0,0.0,0.0,0.0,0.0,0.0,0.0,0.0,0.0,0.0,0.0,0.0,0.0,0.0,0.0
32,I,14987,13097,11379,5321,3641,7453,1742,0.0,0.0,1864,3750,0.0,5810,7606,0.0
32,J,16850,14960,13242,7185,5505,9317,3605,0.0,1864,0.0,1887,0.0,3946,5742,0.0
32,K,18737,16847,15129,9071,7392,11203,5492,0.0,3750,1887,0.0,0.0,2059,3856,0.0
32,L,0.0,0.0,0.0,0.0,0.0,0.0,0.0,0.0,0.0,0.0,0.0,0.0,0.0,0.0,0.0
32,M,20796,18907,17188,11131,9451,13263,7551,0.0,5810,3946,2059,0.0,0.0,1796,0.0
32,N,22592,20703,18985,12927,11247,15059,9348,0.0,7606,5742,3856,0.0,1796,0.0,0.0
32,O,0.0,0.0,0.0,0.0,0.0,0.0,0.0,0.0,0.0,0.0,0.0,0.0,0.0,0.0,0.0
33,A,0.0,1934,3642,14546,16136,12815,17877,19623,0.0,0.0,0.0,0.0,0.0,0.0,0.0
33,B,1934,0.0,1708,12612,14202,10881,15943,17688,0.0,0.0,0.0,0.0,0.0,0.0,0.0
33,C,3642,1708,0.0,10904,12494,9173,14234,15980,0.0,0.0,0.0,0.0,0.0,0.0,0.0
33,D,14546,12612,10904,0.0,1590,1731,3331,5076,0.0,0.0,0.0,0.0,0.0,0.0,0.0
33,E,16136,14202,12494,1590,0.0,3321,1741,3486,0.0,0.0,0.0,0.0,0.0,0.0,0.0
33,F,12815,10881,9173,1731,3321,0.0,5062,6808,0.0,0.0,0.0,0.0,0.0,0.0,0.0
33,G,17877,15943,14234,3331,1741,5062,0.0,1746,0.0,0.0,0.0,0.0,0.0,0.0,0.0
33,H,19623,17688,15980,5076,3486,6808,1746,0.0,0.0,0.0,0.0,0.0,0.0,0.0,0.0
33,I,0.0,0.0,0.0,0.0,0.0,0.0,0.0,0.0,0.0,0.0,0.0,0.0,0.0,0.0,0.0
33,J,0.0,0.0,0.0,0.0,0.0,0.0,0.0,0.0,0.0,0.0,0.0,0.0,0.0,0.0,0.0
33,K,0.0,0.0,0.0,0.0,0.0,0.0,0.0,0.0,0.0,0.0,0.0,0.0,0.0,0.0,0.0
33,L,0.0,0.0,0.0,0.0,0.0,0.0,0.0,0.0,0.0,0.0,0.0,0.0,0.0,0.0,0.0
33,M,0.0,0.0,0.0,0.0,0.0,0.0,0.0,0.0,0.0,0.0,0.0,0.0,0.0,0.0,0.0
33,N,0.0,0.0,0.0,0.0,0.0,0.0,0.0,0.0,0.0,0.0,0.0,0.0,0.0,0.0,0.0
33,O,0.0,0.0,0.0,0.0,0.0,0.0,0.0,0.0,0.0,0.0,0.0,0.0,0.0,0.0,0.0
34,A,0.0,1852,3904,9551,11680,7611,13372,14770,0.0,0.0,0.0,0.0,0.0,0.0,0.0
34,B,1852,0.0,2052,7699,9829,5759,11520,12918,0.0,0.0,0.0,0.0,0.0,0.0,0.0
34,C,3904,2052,0.0,5647,7777,3707,9469,10866,0.0,0.0,0.0,0.0,0.0,0.0,0.0
34,D,9551,7699,5647,0.0,2130,1940,3822,5219,0.0,0.0,0.0,0.0,0.0,0.0,0.0
34,E,11680,9829,7777,2130,0.0,4070,1692,3090,0.0,0.0,0.0,0.0,0.0,0.0,0.0
34,F,7611,5759,3707,1940,4070,0.0,5762,7159,0.0,0.0,0.0,0.0,0.0,0.0,0.0
34,G,13372,11520,9469,3822,1692,5762,0.0,1398,0.0,0.0,0.0,0.0,0.0,0.0,0.0
34,H,14770,12918,10866,5219,3090,7159,1398,0.0,0.0,0.0,0.0,0.0,0.0,0.0,0.0
34,I,0.0,0.0,0.0,0.0,0.0,0.0,0.0,0.0,0.0,0.0,0.0,0.0,0.0,0.0,0.0
34,J,0.0,0.0,0.0,0.0,0.0,0.0,0.0,0.0,0.0,0.0,0.0,0.0,0.0,0.0,0.0
34,K,0.0,0.0,0.0,0.0,0.0,0.0,0.0,0.0,0.0,0.0,0.0,0.0,0.0,0.0,0.0
34,L,0.0,0.0,0.0,0.0,0.0,0.0,0.0,0.0,0.0,0.0,0.0,0.0,0.0,0.0,0.0
34,M,0.0,0.0,0.0,0.0,0.0,0.0,0.0,0.0,0.0,0.0,0.0,0.0,0.0,0.0,0.0
34,N,0.0,0.0,0.0,0.0,0.0,0.0,0.0,0.0,0.0,0.0,0.0,0.0,0.0,0.0,0.0
34,O,0.0,0.0,0.0,0.0,0.0,0.0,0.0,0.0,0.0,0.0,0.0,0.0,0.0,0.0,0.0
35,A,0.0,1674,3526,30255,31725,28311,33841,35463,0.0,0.0,0.0,0.0,0.0,0.0,0.0
35,B,1674,0.0,1852,28581,30051,26637,32167,33789,0.0,0.0,0.0,0.0,0.0,0.0,0.0
35,C,3526,1852,0.0,26729,28200,24785,30315,31937,0.0,0.0,0.0,0.0,0.0,0.0,0.0
35,D,30255,28581,26729,0.0,1471,1944,3586,5208,0.0,0.0,0.0,0.0,0.0,0.0,0.0
35,E,31725,30051,28200,1471,0.0,3414,2115,3738,0.0,0.0,0.0,0.0,0.0,0.0,0.0
35,F,28311,26637,24785,1944,3414,0.0,5530,7152,0.0,0.0,0.0,0.0,0.0,0.0,0.0
35,G,33841,32167,30315,3586,2115,5530,0.0,1622,0.0,0.0,0.0,0.0,0.0,0.0,0.0
35,H,35463,33789,31937,5208,3738,7152,1622,0.0,0.0,0.0,0.0,0.0,0.0,0.0,0.0
35,I,0.0,0.0,0.0,0.0,0.0,0.0,0.0,0.0,0.0,0.0,0.0,0.0,0.0,0.0,0.0
35,J,0.0,0.0,0.0,0.0,0.0,0.0,0.0,0.0,0.0,0.0,0.0,0.0,0.0,0.0,0.0
35,K,0.0,0.0,0.0,0.0,0.0,0.0,0.0,0.0,0.0,0.0,0.0,0.0,0.0,0.0,0.0
35,L,0.0,0.0,0.0,0.0,0.0,0.0,0.0,0.0,0.0,0.0,0.0,0.0,0.0,0.0,0.0
35,M,0.0,0.0,0.0,0.0,0.0,0.0,0.0,0.0,0.0,0.0,0.0,0.0,0.0,0.0,0.0
35,N,0.0,0.0,0.0,0.0,0.0,0.0,0.0,0.0,0.0,0.0,0.0,0.0,0.0,0.0,0.0
35,O,0.0,0.0,0.0,0.0,0.0,0.0,0.0,0.0,0.0,0.0,0.0,0.0,0.0,0.0,0.0
36,A,0.0,1567,3593,20168,21935,18857,24087,26016,0.0,0.0,0.0,0.0,0.0,0.0,0.0
36,B,1567,0.0,2026,18600,20367,17290,22520,24449,0.0,0.0,0.0,0.0,0.0,0.0,0.0
36,C,3593,2026,0.0,16575,18342,15264,20494,22423,0.0,0.0,0.0,0.0,0.0,0.0,0.0
36,D,20168,18600,16575,0.0,1767,1311,3920,5848,0.0,0.0,0.0,0.0,0.0,0.0,0.0
36,E,21935,20367,18342,1767,0.0,3078,2153,4081,0.0,0.0,0.0,0.0,0.0,0.0,0.0
36,F,18857,17290,15264,1311,3078,0.0,5230,7159,0.0,0.0,0.0,0.0,0.0,0.0,0.0
36,G,24087,22520,20494,3920,2153,5230,0.0,1929,0.0,0.0,0.0,0.0,0.0,0.0,0.0
36,H,26016,24449,22423,5848,4081,7159,1929,0.0,0.0,0.0,0.0,0.0,0.0,0.0,0.0
36,I,0.0,0.0,0.0,0.0,0.0,0.0,0.0,0.0,0.0,0.0,0.0,0.0,0.0,0.0,0.0
36,J,0.0,0.0,0.0,0.0,0.0,0.0,0.0,0.0,0.0,0.0,0.0,0.0,0.0,0.0,0.0
36,K,0.0,0.0,0.0,0.0,0.0,0.0,0.0,0.0,0.0,0.0,0.0,0.0,0.0,0.0,0.0
36,L,0.0,0.0,0.0,0.0,0.0,0.0,0.0,0.0,0.0,0.0,0.0,0.0,0.0,0.0,0.0
36,M,0.0,0.0,0.0,0.0,0.0,0.0,0.0,0.0,0.0,0.0,0.0,0.0,0.0,0.0,0.0
36,N,0.0,0.0,0.0,0.0,0.0,0.0,0.0,0.0,0.0,0.0,0.0,0.0,0.0,0.0,0.0
36,O,0.0,0.0,0.0,0.0,0.0,0.0,0.0,0.0,0.0,0.0,0.0,0.0,0.0,0.0,0.0
37,A,0.0,1843,3599,9080,10703,7243,12523,14220,0.0,0.0,0.0,0.0,0.0,0.0,0.0
